#defaults=no
#cm=OSC
Wave=2
<?

float Wave[128];
Wave[0] = 0.0404968262;
Wave[1] = 0.2678525448;
Wave[2] = 0.4263091087;
Wave[3] = 0.5087444782;
Wave[4] = 0.5516195297;
Wave[5] = 0.5786736012;
Wave[6] = 0.5994768143;
Wave[7] = 0.6171584129;
Wave[8] = 0.6331272125;
Wave[9] = 0.6476242542;
Wave[10] = 0.6612243652;
Wave[11] = 0.6741418839;
Wave[12] = 0.6860227585;
Wave[13] = 0.6973114014;
Wave[14] = 0.7078285217;
Wave[15] = 0.7179467678;
Wave[16] = 0.726978302;
Wave[17] = 0.7356917858;
Wave[18] = 0.7442407608;
Wave[19] = 0.7522115707;
Wave[20] = 0.7602767944;
Wave[21] = 0.7668569088;
Wave[22] = 0.7742562294;
Wave[23] = 0.7808477879;
Wave[24] = 0.787946701;
Wave[25] = 0.7711472511;
Wave[26] = 0.5418877602;
Wave[27] = 0.1524868011;
Wave[28] = -0.0811672211;
Wave[29] = -0.1751046181;
Wave[30] = -0.2052354813;
Wave[31] = -0.2145147324;
Wave[32] = -0.2174987793;
Wave[33] = -0.2185292244;
Wave[34] = -0.2195019722;
Wave[35] = -0.2207405567;
Wave[36] = -0.2218904495;
Wave[37] = -0.2229819298;
Wave[38] = -0.2240042686;
Wave[39] = -0.2245738506;
Wave[40] = -0.2250709534;
Wave[41] = -0.225946188;
Wave[42] = -0.2266178131;
Wave[43] = -0.2272486687;
Wave[44] = -0.2280244827;
Wave[45] = -0.2283763885;
Wave[46] = -0.2289094925;
Wave[47] = -0.2293317318;
Wave[48] = -0.2295303345;
Wave[49] = -0.2302913666;
Wave[50] = -0.2305459976;
Wave[51] = -0.2306866646;
Wave[52] = -0.2307786942;
Wave[53] = -0.2303545475;
Wave[54] = -0.2305369377;
Wave[55] = -0.2309474945;
Wave[56] = -0.2307910919;
Wave[57] = -0.2307834625;
Wave[58] = -0.2305588722;
Wave[59] = -0.2301523685;
Wave[60] = -0.229598999;
Wave[61] = -0.2296862602;
Wave[62] = -0.2285542488;
Wave[63] = -0.2273905277;
Wave[64] = -0.2267303467;
Wave[65] = -0.2255754471;
Wave[66] = -0.2240948677;
Wave[67] = -0.2222003937;
Wave[68] = -0.2185354233;
Wave[69] = -0.2109959126;
Wave[70] = -0.2105698586;
Wave[71] = -0.2104160786;
Wave[72] = -0.2098693848;
Wave[73] = -0.2089514732;
Wave[74] = -0.2083806992;
Wave[75] = -0.2083537579;
Wave[76] = -0.2079896927;
Wave[77] = -0.2072269917;
Wave[78] = -0.2068595886;
Wave[79] = -0.2065570354;
Wave[80] = -0.2062149048;
Wave[81] = -0.2060141563;
Wave[82] = -0.2055182457;
Wave[83] = -0.2050609589;
Wave[84] = -0.2050237656;
Wave[85] = -0.2048871517;
Wave[86] = -0.2043147087;
Wave[87] = -0.2036910057;
Wave[88] = -0.2030925751;
Wave[89] = -0.2029802799;
Wave[90] = -0.202436924;
Wave[91] = -0.2020728588;
Wave[92] = -0.2018575668;
Wave[93] = -0.2017703056;
Wave[94] = -0.2017240524;
Wave[95] = -0.201628685;
Wave[96] = -0.2008972168;
Wave[97] = -0.2001898289;
Wave[98] = -0.1995005608;
Wave[99] = -0.1992120743;
Wave[100] = -0.1990690231;
Wave[101] = -0.1988539696;
Wave[102] = -0.198700428;
Wave[103] = -0.1984021664;
Wave[104] = -0.1978931427;
Wave[105] = -0.1972794533;
Wave[106] = -0.1969175339;
Wave[107] = -0.1963570118;
Wave[108] = -0.1958532333;
Wave[109] = -0.1955487728;
Wave[110] = -0.1952233315;
Wave[111] = -0.1949739456;
Wave[112] = -0.1948661804;
Wave[113] = -0.1943383217;
Wave[114] = -0.1938762665;
Wave[115] = -0.193572998;
Wave[116] = -0.193359375;
Wave[117] = -0.1925964355;
Wave[118] = -0.1926436424;
Wave[119] = -0.1923029423;
Wave[120] = -0.1919841766;
Wave[121] = -0.1917796135;
Wave[122] = -0.1916651726;
Wave[123] = -0.1908984184;
Wave[124] = -0.1904411316;
Wave[125] = -0.190267086;
Wave[126] = -0.1900997162;
Wave[127] = -0.1895177364;
Selected.WaveTable.set(1, Wave);

?>
