#defaults=no
#cm=OSC
Wave=2
<?

float Wave[128];
Wave[0] = 0.0715942383;
Wave[1] = 0.2633576393;
Wave[2] = 0.3698616028;
Wave[3] = 0.4250893593;
Wave[4] = 0.4591836929;
Wave[5] = 0.4841191769;
Wave[6] = 0.5049982071;
Wave[7] = 0.523352623;
Wave[8] = 0.5403270721;
Wave[9] = 0.5557591915;
Wave[10] = 0.5706615448;
Wave[11] = 0.5842614174;
Wave[12] = 0.5965909958;
Wave[13] = 0.6085538864;
Wave[14] = 0.6197018623;
Wave[15] = 0.6308987141;
Wave[16] = 0.641204834;
Wave[17] = 0.651330471;
Wave[18] = 0.6609201431;
Wave[19] = 0.6701276302;
Wave[20] = 0.6787242889;
Wave[21] = 0.6865901947;
Wave[22] = 0.6946239471;
Wave[23] = 0.7022712231;
Wave[24] = 0.709651947;
Wave[25] = 0.7165029049;
Wave[26] = 0.7237563133;
Wave[27] = 0.7302713394;
Wave[28] = 0.7369785309;
Wave[29] = 0.7428143024;
Wave[30] = 0.7487835884;
Wave[31] = 0.7542493343;
Wave[32] = 0.7595672607;
Wave[33] = 0.764550209;
Wave[34] = 0.7696614265;
Wave[35] = 0.7749090195;
Wave[36] = 0.7795066833;
Wave[37] = 0.7846186161;
Wave[38] = 0.7891807556;
Wave[39] = 0.7934587002;
Wave[40] = 0.7971687317;
Wave[41] = 0.8003041744;
Wave[42] = 0.8041744232;
Wave[43] = 0.807901144;
Wave[44] = 0.8110961914;
Wave[45] = 0.8143985271;
Wave[46] = 0.8177337646;
Wave[47] = 0.8207406998;
Wave[48] = 0.8235206604;
Wave[49] = 0.8257069588;
Wave[50] = 0.828166008;
Wave[51] = 0.8310437202;
Wave[52] = 0.8326768875;
Wave[53] = 0.834300518;
Wave[54] = 0.8354587555;
Wave[55] = 0.8379421234;
Wave[56] = 0.83893013;
Wave[57] = 0.8400475979;
Wave[58] = 0.8375620842;
Wave[59] = 0.6408448219;
Wave[60] = 0.0687465668;
Wave[61] = -0.4248590469;
Wave[62] = -0.6396489143;
Wave[63] = -0.7095251083;
Wave[64] = -0.7292327881;
Wave[65] = -0.7326345444;
Wave[66] = -0.7302713394;
Wave[67] = -0.7264409065;
Wave[68] = -0.7190828323;
Wave[69] = -0.7020552158;
Wave[70] = -0.7007021904;
Wave[71] = -0.6986215115;
Wave[72] = -0.6975402832;
Wave[73] = -0.6961376667;
Wave[74] = -0.6945405006;
Wave[75] = -0.6935899258;
Wave[76] = -0.6922645569;
Wave[77] = -0.6913356781;
Wave[78] = -0.6905651093;
Wave[79] = -0.6891546249;
Wave[80] = -0.6875457764;
Wave[81] = -0.6862399578;
Wave[82] = -0.6844539642;
Wave[83] = -0.6831891537;
Wave[84] = -0.6819067001;
Wave[85] = -0.6810774803;
Wave[86] = -0.6799559593;
Wave[87] = -0.6786885262;
Wave[88] = -0.6781921387;
Wave[89] = -0.6766901016;
Wave[90] = -0.6757917404;
Wave[91] = -0.6742119789;
Wave[92] = -0.6726398468;
Wave[93] = -0.6715044975;
Wave[94] = -0.6703658104;
Wave[95] = -0.6690778732;
Wave[96] = -0.6679534912;
Wave[97] = -0.6668605804;
Wave[98] = -0.6652817726;
Wave[99] = -0.6642313004;
Wave[100] = -0.6637392044;
Wave[101] = -0.6626365185;
Wave[102] = -0.6609735489;
Wave[103] = -0.6598603725;
Wave[104] = -0.6587505341;
Wave[105] = -0.6578013897;
Wave[106] = -0.6566700935;
Wave[107] = -0.6552171707;
Wave[108] = -0.6539268494;
Wave[109] = -0.6526651382;
Wave[110] = -0.6512732506;
Wave[111] = -0.6502394676;
Wave[112] = -0.649520874;
Wave[113] = -0.6479523182;
Wave[114] = -0.6465725899;
Wave[115] = -0.6453230381;
Wave[116] = -0.644657135;
Wave[117] = -0.6433618069;
Wave[118] = -0.6421995163;
Wave[119] = -0.6411464214;
Wave[120] = -0.6401882172;
Wave[121] = -0.639077425;
Wave[122] = -0.637093544;
Wave[123] = -0.6358940601;
Wave[124] = -0.6347169876;
Wave[125] = -0.6337151527;
Wave[126] = -0.6327824593;
Wave[127] = -0.6316542625;
Selected.WaveTable.set(1, Wave);

?>
