#defaults=no
#cm=OSC
Wave=2
<?

float Wave[128];
Wave[0] = 0.0043029785;
Wave[1] = 0.2107615471;
Wave[2] = 0.4108333588;
Wave[3] = 0.5239224434;
Wave[4] = 0.579117775;
Wave[5] = 0.6099004745;
Wave[6] = 0.6321663857;
Wave[7] = 0.6496500969;
Wave[8] = 0.6653213501;
Wave[9] = 0.6797096729;
Wave[10] = 0.6928653717;
Wave[11] = 0.7056984901;
Wave[12] = 0.7163600922;
Wave[13] = 0.7207193375;
Wave[14] = 0.5433936119;
Wave[15] = 0.225508213;
Wave[16] = 0.0241622925;
Wave[17] = -0.0594050884;
Wave[18] = -0.0864958763;
Wave[19] = -0.0948672295;
Wave[20] = -0.0978031158;
Wave[21] = -0.0983827114;
Wave[22] = -0.0996088982;
Wave[23] = -0.0999956131;
Wave[24] = -0.1003246307;
Wave[25] = -0.1011757851;
Wave[26] = -0.1023058891;
Wave[27] = -0.1027255058;
Wave[28] = -0.1032733917;
Wave[29] = -0.1040451527;
Wave[30] = -0.1045689583;
Wave[31] = -0.1051213741;
Wave[32] = -0.1055297852;
Wave[33] = -0.1059777737;
Wave[34] = -0.1057372093;
Wave[35] = -0.1064939499;
Wave[36] = -0.1076793671;
Wave[37] = -0.108134985;
Wave[38] = -0.1082420349;
Wave[39] = -0.1080579758;
Wave[40] = -0.1087188721;
Wave[41] = -0.1090376377;
Wave[42] = -0.1093873978;
Wave[43] = -0.109667778;
Wave[44] = -0.1098937988;
Wave[45] = -0.1101841927;
Wave[46] = -0.1103715897;
Wave[47] = -0.1100542545;
Wave[48] = -0.1099052429;
Wave[49] = -0.1099603176;
Wave[50] = -0.109919548;
Wave[51] = -0.1098678112;
Wave[52] = -0.109670639;
Wave[53] = -0.1098837852;
Wave[54] = -0.1104102135;
Wave[55] = -0.1101999283;
Wave[56] = -0.1100845337;
Wave[57] = -0.1101946831;
Wave[58] = -0.1097397804;
Wave[59] = -0.1094489098;
Wave[60] = -0.1089324951;
Wave[61] = -0.1082508564;
Wave[62] = -0.1082196236;
Wave[63] = -0.1075108051;
Wave[64] = -0.1068572998;
Wave[65] = -0.1064214706;
Wave[66] = -0.1054415703;
Wave[67] = -0.104186058;
Wave[68] = -0.1029376984;
Wave[69] = -0.0990250111;
Wave[70] = -0.0986170769;
Wave[71] = -0.098449707;
Wave[72] = -0.0983448029;
Wave[73] = -0.0983226299;
Wave[74] = -0.0981473923;
Wave[75] = -0.0974223614;
Wave[76] = -0.0972900391;
Wave[77] = -0.0970671177;
Wave[78] = -0.0970005989;
Wave[79] = -0.0971457958;
Wave[80] = -0.0966300964;
Wave[81] = -0.0966272354;
Wave[82] = -0.0968799591;
Wave[83] = -0.096394062;
Wave[84] = -0.0964069366;
Wave[85] = -0.0962803364;
Wave[86] = -0.0956845284;
Wave[87] = -0.0957989693;
Wave[88] = -0.0953350067;
Wave[89] = -0.095338583;
Wave[90] = -0.0953383446;
Wave[91] = -0.0949683189;
Wave[92] = -0.0947780609;
Wave[93] = -0.094732523;
Wave[94] = -0.0946102142;
Wave[95] = -0.0943391323;
Wave[96] = -0.0943069458;
Wave[97] = -0.093890667;
Wave[98] = -0.0937304497;
Wave[99] = -0.093370676;
Wave[100] = -0.0932312012;
Wave[101] = -0.0934128761;
Wave[102] = -0.0930447578;
Wave[103] = -0.0926513672;
Wave[104] = -0.0925712585;
Wave[105] = -0.0926291943;
Wave[106] = -0.0926308632;
Wave[107] = -0.0923748016;
Wave[108] = -0.0919761658;
Wave[109] = -0.091786623;
Wave[110] = -0.0916013718;
Wave[111] = -0.0920484066;
Wave[112] = -0.0919952393;
Wave[113] = -0.0914330482;
Wave[114] = -0.0911679268;
Wave[115] = -0.0908989906;
Wave[116] = -0.0906486511;
Wave[117] = -0.0904970169;
Wave[118] = -0.0905241966;
Wave[119] = -0.0904130936;
Wave[120] = -0.0902309418;
Wave[121] = -0.0897982121;
Wave[122] = -0.0898842812;
Wave[123] = -0.089769125;
Wave[124] = -0.0891780853;
Wave[125] = -0.0894634724;
Wave[126] = -0.0898718834;
Wave[127] = -0.089779377;
Selected.WaveTable.set(1, Wave);

?>
