#defaults=no
#cm=OSC
Wave=2
<?

float Wave[128];
Wave[0] = 0.0189208984;
Wave[1] = 0.2320456505;
Wave[2] = 0.426636219;
Wave[3] = 0.5349302292;
Wave[4] = 0.5880174637;
Wave[5] = 0.6182632446;
Wave[6] = 0.6396007538;
Wave[7] = 0.6575176716;
Wave[8] = 0.6729221344;
Wave[9] = 0.687230587;
Wave[10] = 0.6778578758;
Wave[11] = 0.5143954754;
Wave[12] = 0.2304353714;
Wave[13] = 0.0355761051;
Wave[14] = -0.0398273468;
Wave[15] = -0.062817812;
Wave[16] = -0.0698394775;
Wave[17] = -0.0723538399;
Wave[18] = -0.0736446381;
Wave[19] = -0.0743305683;
Wave[20] = -0.0749044418;
Wave[21] = -0.0757479668;
Wave[22] = -0.076403141;
Wave[23] = -0.0772149563;
Wave[24] = -0.0779724121;
Wave[25] = -0.078142643;
Wave[26] = -0.0785446167;
Wave[27] = -0.0791649818;
Wave[28] = -0.0795726776;
Wave[29] = -0.0801949501;
Wave[30] = -0.080391407;
Wave[31] = -0.0804014206;
Wave[32] = -0.0808334351;
Wave[33] = -0.0817887783;
Wave[34] = -0.0818886757;
Wave[35] = -0.0821459293;
Wave[36] = -0.082408905;
Wave[37] = -0.0826091766;
Wave[38] = -0.0830459595;
Wave[39] = -0.0833659172;
Wave[40] = -0.0838336945;
Wave[41] = -0.0841770172;
Wave[42] = -0.083896637;
Wave[43] = -0.0836396217;
Wave[44] = -0.0836238861;
Wave[45] = -0.0835437775;
Wave[46] = -0.083591938;
Wave[47] = -0.0843036175;
Wave[48] = -0.0844078064;
Wave[49] = -0.084561348;
Wave[50] = -0.0843567848;
Wave[51] = -0.0844242573;
Wave[52] = -0.0846166611;
Wave[53] = -0.0845193863;
Wave[54] = -0.0843844414;
Wave[55] = -0.0846197605;
Wave[56] = -0.0846233368;
Wave[57] = -0.0844631195;
Wave[58] = -0.08452034;
Wave[59] = -0.0840563774;
Wave[60] = -0.0840339661;
Wave[61] = -0.0841152668;
Wave[62] = -0.0835790634;
Wave[63] = -0.0827965736;
Wave[64] = -0.082244873;
Wave[65] = -0.0815942287;
Wave[66] = -0.0808310509;
Wave[67] = -0.0798807144;
Wave[68] = -0.0786848068;
Wave[69] = -0.0756661892;
Wave[70] = -0.0750389099;
Wave[71] = -0.0748736858;
Wave[72] = -0.0746078491;
Wave[73] = -0.0750291348;
Wave[74] = -0.0747737885;
Wave[75] = -0.0742065907;
Wave[76] = -0.0742988586;
Wave[77] = -0.0745933056;
Wave[78] = -0.0743312836;
Wave[79] = -0.0738363266;
Wave[80] = -0.0736961365;
Wave[81] = -0.0740511417;
Wave[82] = -0.0733675957;
Wave[83] = -0.0730993748;
Wave[84] = -0.073220253;
Wave[85] = -0.0731642246;
Wave[86] = -0.0727787018;
Wave[87] = -0.0725812912;
Wave[88] = -0.0727729797;
Wave[89] = -0.072278738;
Wave[90] = -0.0726308823;
Wave[91] = -0.0723726749;
Wave[92] = -0.072227478;
Wave[93] = -0.0721681118;
Wave[94] = -0.0720286369;
Wave[95] = -0.0716614723;
Wave[96] = -0.0717315674;
Wave[97] = -0.071716547;
Wave[98] = -0.0717582703;
Wave[99] = -0.0718052387;
Wave[100] = -0.0714426041;
Wave[101] = -0.0711686611;
Wave[102] = -0.0710110664;
Wave[103] = -0.0705823898;
Wave[104] = -0.0706558228;
Wave[105] = -0.0703969002;
Wave[106] = -0.0702700615;
Wave[107] = -0.0706663132;
Wave[108] = -0.0704879761;
Wave[109] = -0.0702459812;
Wave[110] = -0.0702710152;
Wave[111] = -0.0703299046;
Wave[112] = -0.070186615;
Wave[113] = -0.0697045326;
Wave[114] = -0.0699739456;
Wave[115] = -0.0700645447;
Wave[116] = -0.0695571899;
Wave[117] = -0.0693440437;
Wave[118] = -0.069258213;
Wave[119] = -0.0690112114;
Wave[120] = -0.0690326691;
Wave[121] = -0.0687973499;
Wave[122] = -0.0686779022;
Wave[123] = -0.0686686039;
Wave[124] = -0.0684528351;
Wave[125] = -0.069006443;
Wave[126] = -0.0689406395;
Wave[127] = -0.0689945221;
Selected.WaveTable.set(1, Wave);

?>
