#defaults=no
#cm=OSC
Wave=2
<?

float Wave[128];
Wave[0] = 0.0450134277;
Wave[1] = 0.2522997856;
Wave[2] = 0.377453804;
Wave[3] = 0.4414162636;
Wave[4] = 0.4783840179;
Wave[5] = 0.5042786598;
Wave[6] = 0.5248336792;
Wave[7] = 0.5431005955;
Wave[8] = 0.5594177246;
Wave[9] = 0.5748012066;
Wave[10] = 0.5894012451;
Wave[11] = 0.6028995514;
Wave[12] = 0.6154212952;
Wave[13] = 0.62733078;
Wave[14] = 0.6387190819;
Wave[15] = 0.6499583721;
Wave[16] = 0.6601371765;
Wave[17] = 0.6695382595;
Wave[18] = 0.6782822609;
Wave[19] = 0.6871392727;
Wave[20] = 0.6960172653;
Wave[21] = 0.7038707733;
Wave[22] = 0.7110748291;
Wave[23] = 0.7188117504;
Wave[24] = 0.7262268066;
Wave[25] = 0.7332780361;
Wave[26] = 0.7400250435;
Wave[27] = 0.7461676598;
Wave[28] = 0.7525463104;
Wave[29] = 0.7587018013;
Wave[30] = 0.764128685;
Wave[31] = 0.7693858147;
Wave[32] = 0.7742080688;
Wave[33] = 0.7795670033;
Wave[34] = 0.7841806412;
Wave[35] = 0.7893602848;
Wave[36] = 0.7940568924;
Wave[37] = 0.7981774807;
Wave[38] = 0.8022289276;
Wave[39] = 0.8058042526;
Wave[40] = 0.8096580505;
Wave[41] = 0.8128554821;
Wave[42] = 0.8160104752;
Wave[43] = 0.8194451332;
Wave[44] = 0.8227386475;
Wave[45] = 0.8260195255;
Wave[46] = 0.8288207054;
Wave[47] = 0.8311004639;
Wave[48] = 0.8342781067;
Wave[49] = 0.8370218277;
Wave[50] = 0.8388757706;
Wave[51] = 0.8417897224;
Wave[52] = 0.7327871323;
Wave[53] = 0.2684566975;
Wave[54] = -0.2374019623;
Wave[55] = -0.4815130234;
Wave[56] = -0.5673904419;
Wave[57] = -0.5928852558;
Wave[58] = -0.5998969078;
Wave[59] = -0.6010806561;
Wave[60] = -0.6017351151;
Wave[61] = -0.6011617184;
Wave[62] = -0.5998940468;
Wave[63] = -0.5990128517;
Wave[64] = -0.5977020264;
Wave[65] = -0.5958964825;
Wave[66] = -0.5940904617;
Wave[67] = -0.5903763771;
Wave[68] = -0.5829544067;
Wave[69] = -0.5674884319;
Wave[70] = -0.5664110184;
Wave[71] = -0.5655069351;
Wave[72] = -0.5647296906;
Wave[73] = -0.5635092258;
Wave[74] = -0.5634441376;
Wave[75] = -0.5620491505;
Wave[76] = -0.5603647232;
Wave[77] = -0.5590765476;
Wave[78] = -0.5579023361;
Wave[79] = -0.5564889908;
Wave[80] = -0.5557746887;
Wave[81] = -0.5547809601;
Wave[82] = -0.5534996986;
Wave[83] = -0.5525910854;
Wave[84] = -0.551317215;
Wave[85] = -0.5506863594;
Wave[86] = -0.5500555038;
Wave[87] = -0.5489783287;
Wave[88] = -0.5478286743;
Wave[89] = -0.5463316441;
Wave[90] = -0.5453529358;
Wave[91] = -0.5446541309;
Wave[92] = -0.5437078476;
Wave[93] = -0.5428245068;
Wave[94] = -0.5421690941;
Wave[95] = -0.5417761803;
Wave[96] = -0.540222168;
Wave[97] = -0.5394175053;
Wave[98] = -0.5382976532;
Wave[99] = -0.5369253159;
Wave[100] = -0.5357408524;
Wave[101] = -0.5353109837;
Wave[102] = -0.5340900421;
Wave[103] = -0.5330822468;
Wave[104] = -0.5320091248;
Wave[105] = -0.5309934616;
Wave[106] = -0.5304379463;
Wave[107] = -0.5291795731;
Wave[108] = -0.5287303925;
Wave[109] = -0.5271260738;
Wave[110] = -0.5262598991;
Wave[111] = -0.525578022;
Wave[112] = -0.525062561;
Wave[113] = -0.5241262913;
Wave[114] = -0.522040844;
Wave[115] = -0.5216701031;
Wave[116] = -0.5210609436;
Wave[117] = -0.5201466084;
Wave[118] = -0.5194048882;
Wave[119] = -0.5183327198;
Wave[120] = -0.5176506042;
Wave[121] = -0.5170490742;
Wave[122] = -0.5157623291;
Wave[123] = -0.5145227909;
Wave[124] = -0.5132474899;
Wave[125] = -0.5128548145;
Wave[126] = -0.5121860504;
Wave[127] = -0.5105290413;
Selected.WaveTable.set(1, Wave);

?>
