#defaults=no
#cm=OSC
Wave=2
<?

float Wave[128];
Wave[0] = 0.1007080078;
Wave[1] = 0.3253629208;
Wave[2] = 0.4610214233;
Wave[3] = 0.530169487;
Wave[4] = 0.5681285858;
Wave[5] = 0.5937826633;
Wave[6] = 0.6136488914;
Wave[7] = 0.6310427189;
Wave[8] = 0.6469421387;
Wave[9] = 0.6611528397;
Wave[10] = 0.6743822098;
Wave[11] = 0.6870651245;
Wave[12] = 0.6991872787;
Wave[13] = 0.7103290558;
Wave[14] = 0.7206048965;
Wave[15] = 0.7301003933;
Wave[16] = 0.7394638062;
Wave[17] = 0.7483341694;
Wave[18] = 0.7556796074;
Wave[19] = 0.758122921;
Wave[20] = 0.5943994522;
Wave[21] = 0.2328419685;
Wave[22] = -0.0082678795;
Wave[23] = -0.1108555794;
Wave[24] = -0.1446628571;
Wave[25] = -0.1553423405;
Wave[26] = -0.1590981483;
Wave[27] = -0.160618782;
Wave[28] = -0.1613388062;
Wave[29] = -0.1622264385;
Wave[30] = -0.1631045341;
Wave[31] = -0.1638805866;
Wave[32] = -0.1651000977;
Wave[33] = -0.1662826538;
Wave[34] = -0.1665177345;
Wave[35] = -0.1675982475;
Wave[36] = -0.1684713364;
Wave[37] = -0.1691672802;
Wave[38] = -0.1699295044;
Wave[39] = -0.1696956158;
Wave[40] = -0.1696147919;
Wave[41] = -0.1700563431;
Wave[42] = -0.1708374023;
Wave[43] = -0.1710009575;
Wave[44] = -0.1715402603;
Wave[45] = -0.1722812653;
Wave[46] = -0.1727180481;
Wave[47] = -0.1727898121;
Wave[48] = -0.1728820801;
Wave[49] = -0.1729822159;
Wave[50] = -0.1733255386;
Wave[51] = -0.1735532284;
Wave[52] = -0.1734256744;
Wave[53] = -0.1735515594;
Wave[54] = -0.1737709045;
Wave[55] = -0.1740312576;
Wave[56] = -0.1739616394;
Wave[57] = -0.173415184;
Wave[58] = -0.1732735634;
Wave[59] = -0.1724998951;
Wave[60] = -0.1721029282;
Wave[61] = -0.1719799042;
Wave[62] = -0.1719441414;
Wave[63] = -0.1706087589;
Wave[64] = -0.1696777344;
Wave[65] = -0.1686477661;
Wave[66] = -0.1675262451;
Wave[67] = -0.1657123566;
Wave[68] = -0.1624660492;
Wave[69] = -0.1568205357;
Wave[70] = -0.1568751335;
Wave[71] = -0.1564774513;
Wave[72] = -0.1564903259;
Wave[73] = -0.1563560963;
Wave[74] = -0.1561608315;
Wave[75] = -0.1557109356;
Wave[76] = -0.1552524567;
Wave[77] = -0.1544058323;
Wave[78] = -0.1541414261;
Wave[79] = -0.1539611816;
Wave[80] = -0.153881073;
Wave[81] = -0.1538276672;
Wave[82] = -0.1532931328;
Wave[83] = -0.1529662609;
Wave[84] = -0.1526479721;
Wave[85] = -0.1521034241;
Wave[86] = -0.152009964;
Wave[87] = -0.1516480446;
Wave[88] = -0.1514968872;
Wave[89] = -0.1515791416;
Wave[90] = -0.1513051987;
Wave[91] = -0.1511399746;
Wave[92] = -0.1510047913;
Wave[93] = -0.1500930786;
Wave[94] = -0.150018692;
Wave[95] = -0.1495940685;
Wave[96] = -0.1495513916;
Wave[97] = -0.1493597031;
Wave[98] = -0.1488723755;
Wave[99] = -0.1489694118;
Wave[100] = -0.1485681534;
Wave[101] = -0.1481955051;
Wave[102] = -0.1481637955;
Wave[103] = -0.1477878094;
Wave[104] = -0.1477794647;
Wave[105] = -0.1475820541;
Wave[106] = -0.1468477249;
Wave[107] = -0.1464753151;
Wave[108] = -0.1462373734;
Wave[109] = -0.1460883617;
Wave[110] = -0.1457028389;
Wave[111] = -0.1456227303;
Wave[112] = -0.1458396912;
Wave[113] = -0.1451895237;
Wave[114] = -0.1448764801;
Wave[115] = -0.1447887421;
Wave[116] = -0.1444950104;
Wave[117] = -0.144077301;
Wave[118] = -0.143579483;
Wave[119] = -0.1434223652;
Wave[120] = -0.1434574127;
Wave[121] = -0.143052578;
Wave[122] = -0.1425981522;
Wave[123] = -0.1426668167;
Wave[124] = -0.1423082352;
Wave[125] = -0.1416735649;
Wave[126] = -0.1412014961;
Wave[127] = -0.1416420937;
Selected.WaveTable.set(1, Wave);

?>
