#defaults=no
#cm=OSC
Wave=2
<?

float Wave[128];
Wave[0] = 0.0010986328;
Wave[1] = 0.0077431202;
Wave[2] = 0.0151972771;
Wave[3] = 0.0233590603;
Wave[4] = 0.0320978165;
Wave[5] = 0.0416054726;
Wave[6] = 0.0515933037;
Wave[7] = 0.0622460842;
Wave[8] = 0.0728054047;
Wave[9] = 0.0838367939;
Wave[10] = 0.0951499939;
Wave[11] = 0.1067807674;
Wave[12] = 0.1185455322;
Wave[13] = 0.1312010288;
Wave[14] = 0.143415451;
Wave[15] = 0.156103611;
Wave[16] = 0.1686706543;
Wave[17] = 0.1816959381;
Wave[18] = 0.1948943138;
Wave[19] = 0.2084827423;
Wave[20] = 0.2221031189;
Wave[21] = 0.2355828285;
Wave[22] = 0.2495851517;
Wave[23] = 0.2630479336;
Wave[24] = 0.2766857147;
Wave[25] = 0.290803194;
Wave[26] = 0.3054003716;
Wave[27] = 0.3199517727;
Wave[28] = 0.3342685699;
Wave[29] = 0.3489928246;
Wave[30] = 0.363881588;
Wave[31] = 0.378651619;
Wave[32] = 0.3933486938;
Wave[33] = 0.4081158638;
Wave[34] = 0.4230189323;
Wave[35] = 0.4382512569;
Wave[36] = 0.4532232285;
Wave[37] = 0.4688844681;
Wave[38] = 0.4842634201;
Wave[39] = 0.498860836;
Wave[40] = 0.5144004822;
Wave[41] = 0.5296111107;
Wave[42] = 0.5448789597;
Wave[43] = 0.5601713657;
Wave[44] = 0.5753908157;
Wave[45] = 0.5907380581;
Wave[46] = 0.6055850983;
Wave[47] = 0.621288538;
Wave[48] = 0.6362571716;
Wave[49] = 0.6506800652;
Wave[50] = 0.6657776833;
Wave[51] = 0.680867672;
Wave[52] = 0.6956357956;
Wave[53] = 0.7108407021;
Wave[54] = 0.7257757187;
Wave[55] = 0.7397997379;
Wave[56] = 0.7543792725;
Wave[57] = 0.7685923576;
Wave[58] = 0.782230854;
Wave[59] = 0.7956366539;
Wave[60] = 0.8089380264;
Wave[61] = 0.821362257;
Wave[62] = 0.8343296051;
Wave[63] = 0.8466563225;
Wave[64] = 0.8579406738;
Wave[65] = 0.8684334755;
Wave[66] = 0.8775587082;
Wave[67] = 0.8838765621;
Wave[68] = 0.8786029816;
Wave[69] = 0.6364901066;
Wave[70] = -0.008992672;
Wave[71] = -0.565258503;
Wave[72] = -0.8172111511;
Wave[73] = -0.8913085461;
Wave[74] = -0.8999853134;
Wave[75] = -0.8899030685;
Wave[76] = -0.8755893707;
Wave[77] = -0.8606681824;
Wave[78] = -0.8457217216;
Wave[79] = -0.8310110569;
Wave[80] = -0.815738678;
Wave[81] = -0.8008337021;
Wave[82] = -0.7868080139;
Wave[83] = -0.771967411;
Wave[84] = -0.7569198608;
Wave[85] = -0.7419321537;
Wave[86] = -0.727083683;
Wave[87] = -0.7122299671;
Wave[88] = -0.6984901428;
Wave[89] = -0.6838710308;
Wave[90] = -0.6689519882;
Wave[91] = -0.6543803215;
Wave[92] = -0.6395702362;
Wave[93] = -0.6252293587;
Wave[94] = -0.6111402512;
Wave[95] = -0.596971035;
Wave[96] = -0.5824203491;
Wave[97] = -0.5680923462;
Wave[98] = -0.5534625053;
Wave[99] = -0.5389897823;
Wave[100] = -0.5246038437;
Wave[101] = -0.5106534958;
Wave[102] = -0.4965701103;
Wave[103] = -0.4825072289;
Wave[104] = -0.4683914185;
Wave[105] = -0.4540712833;
Wave[106] = -0.4392604828;
Wave[107] = -0.4250414371;
Wave[108] = -0.4109506607;
Wave[109] = -0.39747262;
Wave[110] = -0.3836688995;
Wave[111] = -0.3694992065;
Wave[112] = -0.3555107117;
Wave[113] = -0.3410968781;
Wave[114] = -0.3275027275;
Wave[115] = -0.3131055832;
Wave[116] = -0.2998476028;
Wave[117] = -0.2857766151;
Wave[118] = -0.2719364166;
Wave[119] = -0.2579967976;
Wave[120] = -0.2444839478;
Wave[121] = -0.2302861214;
Wave[122] = -0.2162342072;
Wave[123] = -0.2026200294;
Wave[124] = -0.1890010834;
Wave[125] = -0.1754558086;
Wave[126] = -0.161699295;
Wave[127] = -0.1478984356;
Selected.WaveTable.set(1, Wave);

?>
