#defaults=no
#cm=OSC
Wave=2
<?

float Wave[128];
Wave[0] = 0.009765625;
Wave[1] = 0.053134203;
Wave[2] = 0.0669517517;
Wave[3] = 0.0729978085;
Wave[4] = 0.0774106979;
Wave[5] = 0.0814156532;
Wave[6] = 0.0849232674;
Wave[7] = 0.0879249573;
Wave[8] = 0.0906772614;
Wave[9] = 0.09329319;
Wave[10] = 0.0960392952;
Wave[11] = 0.0981669426;
Wave[12] = 0.1004867554;
Wave[13] = 0.1024689674;
Wave[14] = 0.1043181419;
Wave[15] = 0.1060740948;
Wave[16] = 0.1076698303;
Wave[17] = 0.1093001366;
Wave[18] = 0.1108598709;
Wave[19] = 0.1122829914;
Wave[20] = 0.1134128571;
Wave[21] = 0.1143403053;
Wave[22] = 0.1157102585;
Wave[23] = 0.1177387238;
Wave[24] = 0.11860466;
Wave[25] = 0.1198515892;
Wave[26] = 0.1211872101;
Wave[27] = 0.1221606731;
Wave[28] = 0.1231765747;
Wave[29] = 0.1240947247;
Wave[30] = 0.124876976;
Wave[31] = 0.1256508827;
Wave[32] = 0.1263885498;
Wave[33] = 0.1273369789;
Wave[34] = 0.1284737587;
Wave[35] = 0.1292293072;
Wave[36] = 0.1299343109;
Wave[37] = 0.1301252842;
Wave[38] = 0.1307811737;
Wave[39] = 0.1311047077;
Wave[40] = 0.131860733;
Wave[41] = 0.1324493885;
Wave[42] = 0.1326990128;
Wave[43] = 0.1333394051;
Wave[44] = 0.1341514587;
Wave[45] = 0.0720672607;
Wave[46] = -0.0611925125;
Wave[47] = -0.1100685596;
Wave[48] = -0.1172370911;
Wave[49] = -0.118585825;
Wave[50] = -0.1192126274;
Wave[51] = -0.1185979843;
Wave[52] = -0.118689537;
Wave[53] = -0.1192646027;
Wave[54] = -0.1197562218;
Wave[55] = -0.1201663017;
Wave[56] = -0.120016098;
Wave[57] = -0.1201455593;
Wave[58] = -0.1198687553;
Wave[59] = -0.1201336384;
Wave[60] = -0.1201410294;
Wave[61] = -0.1202964783;
Wave[62] = -0.1196289062;
Wave[63] = -0.1194400787;
Wave[64] = -0.1192169189;
Wave[65] = -0.1193168163;
Wave[66] = -0.1188569069;
Wave[67] = -0.1179640293;
Wave[68] = -0.1166830063;
Wave[69] = -0.1140871048;
Wave[70] = -0.1133236885;
Wave[71] = -0.1136116982;
Wave[72] = -0.1128730774;
Wave[73] = -0.1129887104;
Wave[74] = -0.112385273;
Wave[75] = -0.1117055416;
Wave[76] = -0.111497879;
Wave[77] = -0.1114501953;
Wave[78] = -0.1108379364;
Wave[79] = -0.1105475426;
Wave[80] = -0.1105003357;
Wave[81] = -0.1102859974;
Wave[82] = -0.1107001305;
Wave[83] = -0.1099944115;
Wave[84] = -0.1090345383;
Wave[85] = -0.1088404655;
Wave[86] = -0.108853817;
Wave[87] = -0.1081798077;
Wave[88] = -0.1077327728;
Wave[89] = -0.1068341732;
Wave[90] = -0.0859103203;
Wave[91] = 0.2899119854;
Wave[92] = 0.7528390884;
Wave[93] = 0.8785755634;
Wave[94] = 0.8986849785;
Wave[95] = 0.899479866;
Wave[96] = 0.8972854614;
Wave[97] = 0.8945190907;
Wave[98] = 0.892080307;
Wave[99] = 0.8898713589;
Wave[100] = 0.8879127502;
Wave[101] = 0.8855125904;
Wave[102] = 0.8829917908;
Wave[103] = 0.880449295;
Wave[104] = 0.8788051605;
Wave[105] = 0.875805378;
Wave[106] = 0.873187542;
Wave[107] = 0.8711228371;
Wave[108] = 0.868973732;
Wave[109] = 0.8663930893;
Wave[110] = 0.8642148972;
Wave[111] = 0.8617770672;
Wave[112] = 0.8593826294;
Wave[113] = 0.8571138382;
Wave[114] = 0.8546094894;
Wave[115] = 0.8523812294;
Wave[116] = 0.8497829437;
Wave[117] = 0.8479218483;
Wave[118] = 0.8456058502;
Wave[119] = 0.8428611755;
Wave[120] = 0.8406620026;
Wave[121] = 0.8393478394;
Wave[122] = 0.8369960785;
Wave[123] = 0.8343570232;
Wave[124] = 0.8323297501;
Wave[125] = 0.8303091526;
Wave[126] = 0.8278150558;
Wave[127] = 0.8259379864;
Selected.WaveTable.set(1, Wave);

?>
