#defaults=no
#cm=OSC
Wave=2
<?

float Wave[128];
Wave[0] = 0.0264282227;
Wave[1] = 0.2480788231;
Wave[2] = 0.3959941864;
Wave[3] = 0.4720122814;
Wave[4] = 0.5126485825;
Wave[5] = 0.5397589207;
Wave[6] = 0.5608010292;
Wave[7] = 0.578962326;
Wave[8] = 0.595281601;
Wave[9] = 0.61019063;
Wave[10] = 0.6239819527;
Wave[11] = 0.6369316578;
Wave[12] = 0.6493902206;
Wave[13] = 0.6610393524;
Wave[14] = 0.6718716621;
Wave[15] = 0.682050705;
Wave[16] = 0.691783905;
Wave[17] = 0.7012720108;
Wave[18] = 0.7102751732;
Wave[19] = 0.7186014652;
Wave[20] = 0.7261762619;
Wave[21] = 0.7339160442;
Wave[22] = 0.7414460182;
Wave[23] = 0.7489387989;
Wave[24] = 0.755657196;
Wave[25] = 0.7617537975;
Wave[26] = 0.7679128647;
Wave[27] = 0.7740571499;
Wave[28] = 0.7799482346;
Wave[29] = 0.7858211994;
Wave[30] = 0.790848732;
Wave[31] = 0.7955935001;
Wave[32] = 0.8004608154;
Wave[33] = 0.8051633835;
Wave[34] = 0.8102436066;
Wave[35] = 0.8140883446;
Wave[36] = 0.8177204132;
Wave[37] = 0.82178092;
Wave[38] = 0.8242893219;
Wave[39] = 0.8250246048;
Wave[40] = 0.6351985931;
Wave[41] = 0.1603710651;
Wave[42] = -0.1801457405;
Wave[43] = -0.3284552097;
Wave[44] = -0.377040863;
Wave[45] = -0.3923852444;
Wave[46] = -0.3970456123;
Wave[47] = -0.3984153271;
Wave[48] = -0.3996925354;
Wave[49] = -0.4002716541;
Wave[50] = -0.4008746147;
Wave[51] = -0.4015235901;
Wave[52] = -0.4026765823;
Wave[53] = -0.4029927254;
Wave[54] = -0.4027476311;
Wave[55] = -0.4032583237;
Wave[56] = -0.4036312103;
Wave[57] = -0.4038062096;
Wave[58] = -0.4037089348;
Wave[59] = -0.4033479691;
Wave[60] = -0.4028997421;
Wave[61] = -0.4023292065;
Wave[62] = -0.4014511108;
Wave[63] = -0.4005362988;
Wave[64] = -0.3988189697;
Wave[65] = -0.3970620632;
Wave[66] = -0.3951044083;
Wave[67] = -0.3922350407;
Wave[68] = -0.386806488;
Wave[69] = -0.374777317;
Wave[70] = -0.3739852905;
Wave[71] = -0.3733587265;
Wave[72] = -0.3723430634;
Wave[73] = -0.3711929321;
Wave[74] = -0.3707323074;
Wave[75] = -0.3704288006;
Wave[76] = -0.3696327209;
Wave[77] = -0.3690578938;
Wave[78] = -0.3684926033;
Wave[79] = -0.3675763607;
Wave[80] = -0.366973877;
Wave[81] = -0.3665287495;
Wave[82] = -0.3657889366;
Wave[83] = -0.3657653332;
Wave[84] = -0.3653039932;
Wave[85] = -0.3644089699;
Wave[86] = -0.363474369;
Wave[87] = -0.3624444008;
Wave[88] = -0.3621406555;
Wave[89] = -0.3614082336;
Wave[90] = -0.3607268333;
Wave[91] = -0.3599820137;
Wave[92] = -0.3592710495;
Wave[93] = -0.3583211899;
Wave[94] = -0.3578343391;
Wave[95] = -0.3570609093;
Wave[96] = -0.3564453125;
Wave[97] = -0.3559453487;
Wave[98] = -0.3554930687;
Wave[99] = -0.3547127247;
Wave[100] = -0.3534832001;
Wave[101] = -0.3529689312;
Wave[102] = -0.3527436256;
Wave[103] = -0.3528482914;
Wave[104] = -0.3523426056;
Wave[105] = -0.3509178162;
Wave[106] = -0.3501768112;
Wave[107] = -0.3495624065;
Wave[108] = -0.3483791351;
Wave[109] = -0.3480615616;
Wave[110] = -0.3478913307;
Wave[111] = -0.3472824097;
Wave[112] = -0.3461036682;
Wave[113] = -0.3456559181;
Wave[114] = -0.3449668884;
Wave[115] = -0.3441987038;
Wave[116] = -0.3442354202;
Wave[117] = -0.3432412148;
Wave[118] = -0.342654705;
Wave[119] = -0.3422851562;
Wave[120] = -0.3420124054;
Wave[121] = -0.3412749767;
Wave[122] = -0.3403964043;
Wave[123] = -0.3401954174;
Wave[124] = -0.3393278122;
Wave[125] = -0.3388166428;
Wave[126] = -0.3386321068;
Wave[127] = -0.3379473686;
Selected.WaveTable.set(1, Wave);

?>
