#defaults=no
#cm=OSC
Wave=2
<?

float Wave[128];
Wave[0] = 0.0812988281;
Wave[1] = 0.4028124809;
Wave[2] = 0.4927845001;
Wave[3] = 0.5293006897;
Wave[4] = 0.5578155518;
Wave[5] = 0.5839567184;
Wave[6] = 0.6090259552;
Wave[7] = 0.6331367493;
Wave[8] = 0.6563987732;
Wave[9] = 0.6791710854;
Wave[10] = 0.7013044357;
Wave[11] = 0.7229719162;
Wave[12] = 0.7440700531;
Wave[13] = 0.7646641731;
Wave[14] = 0.7845191956;
Wave[15] = 0.803519249;
Wave[16] = 0.8215103149;
Wave[17] = 0.8381938934;
Wave[18] = 0.8521776199;
Wave[19] = 0.8640460968;
Wave[20] = 0.8745536804;
Wave[21] = 0.882373333;
Wave[22] = 0.8895931244;
Wave[23] = 0.8955416679;
Wave[24] = 0.9006729126;
Wave[25] = 0.9051594734;
Wave[26] = 0.9089155197;
Wave[27] = 0.91213274;
Wave[28] = 0.9150390625;
Wave[29] = 0.9176959991;
Wave[30] = 0.919506073;
Wave[31] = 0.9213085175;
Wave[32] = 0.9228820801;
Wave[33] = 0.9229316711;
Wave[34] = 0.9202747345;
Wave[35] = 0.1644501686;
Wave[36] = -0.9442634583;
Wave[37] = 0.963862896;
Wave[38] = 0.9639110565;
Wave[39] = 0.966738224;
Wave[40] = 0.9692115784;
Wave[41] = 0.9709310532;
Wave[42] = 0.9733686447;
Wave[43] = 0.9766840935;
Wave[44] = 0.9798221588;
Wave[45] = 0.9831690788;
Wave[46] = 0.9870634079;
Wave[47] = 0.9913287163;
Wave[48] = 0.9959106445;
Wave[49] = -0.0928645134;
Wave[50] = -0.9932012558;
Wave[51] = -0.9869499207;
Wave[52] = -0.9791851044;
Wave[53] = -0.9707784653;
Wave[54] = -0.9609460831;
Wave[55] = -0.9498667717;
Wave[56] = -0.9363746643;
Wave[57] = -0.9204378128;
Wave[58] = -0.9027271271;
Wave[59] = -0.8831143379;
Wave[60] = -0.8618049622;
Wave[61] = -0.8392715454;
Wave[62] = -0.8158283234;
Wave[63] = -0.7921552658;
Wave[64] = -0.7673950195;
Wave[65] = -0.7418284416;
Wave[66] = -0.7154788971;
Wave[67] = -0.6871566772;
Wave[68] = -0.6554660797;
Wave[69] = -0.4682183266;
Wave[70] = 0.0020561218;
Wave[71] = 0.1199274063;
Wave[72] = 0.1415939331;
Wave[73] = 0.1558952332;
Wave[74] = 0.1704206467;
Wave[75] = 0.1848669052;
Wave[76] = 0.1995391846;
Wave[77] = 0.213496685;
Wave[78] = 0.2277135849;
Wave[79] = 0.2416186333;
Wave[80] = 0.2555618286;
Wave[81] = 0.2697272301;
Wave[82] = 0.2836828232;
Wave[83] = 0.2974915504;
Wave[84] = 0.3107757568;
Wave[85] = 0.3247408867;
Wave[86] = 0.3386516571;
Wave[87] = 0.3522782326;
Wave[88] = 0.3658370972;
Wave[89] = 0.3794074059;
Wave[90] = 0.3928890228;
Wave[91] = 0.4063386917;
Wave[92] = 0.419506073;
Wave[93] = 0.4325003624;
Wave[94] = 0.4458341599;
Wave[95] = 0.45890522;
Wave[96] = 0.4721374512;
Wave[97] = 0.4853453636;
Wave[98] = 0.4985313416;
Wave[99] = 0.5112214088;
Wave[100] = 0.5239753723;
Wave[101] = 0.5370440483;
Wave[102] = 0.549580574;
Wave[103] = 0.5624685287;
Wave[104] = 0.2713050842;
Wave[105] = -0.4594216347;
Wave[106] = -0.5840587616;
Wave[107] = -0.578350544;
Wave[108] = -0.5614852905;
Wave[109] = -0.5439939499;
Wave[110] = -0.5277709961;
Wave[111] = -0.5115594864;
Wave[112] = -0.4949493408;
Wave[113] = -0.4781031609;
Wave[114] = -0.4617881775;
Wave[115] = -0.4453058243;
Wave[116] = -0.4292621613;
Wave[117] = -0.4127349854;
Wave[118] = -0.3963766098;
Wave[119] = -0.3800711632;
Wave[120] = -0.3641014099;
Wave[121] = -0.3478479385;
Wave[122] = -0.332239151;
Wave[123] = -0.3163290024;
Wave[124] = -0.3002128601;
Wave[125] = -0.28414011;
Wave[126] = -0.2687492371;
Wave[127] = -0.2532205582;
Selected.WaveTable.set(1, Wave);

?>
