#defaults=no
#cm=OSC
Wave=2
<?

float Wave[128];
Wave[0] = 0.1292724609;
Wave[1] = 0.3179972172;
Wave[2] = 0.4153089523;
Wave[3] = 0.4666421413;
Wave[4] = 0.4990682602;
Wave[5] = 0.5236403942;
Wave[6] = 0.54383564;
Wave[7] = 0.5617055893;
Wave[8] = 0.5777587891;
Wave[9] = 0.593203783;
Wave[10] = 0.6075410843;
Wave[11] = 0.6208040714;
Wave[12] = 0.6330928802;
Wave[13] = 0.6446819305;
Wave[14] = 0.6557984352;
Wave[15] = 0.6661660671;
Wave[16] = 0.6761932373;
Wave[17] = 0.6854829788;
Wave[18] = 0.6946225166;
Wave[19] = 0.7033543587;
Wave[20] = 0.71159935;
Wave[21] = 0.7192730904;
Wave[22] = 0.7264604568;
Wave[23] = 0.7335147858;
Wave[24] = 0.7406616211;
Wave[25] = 0.7476260662;
Wave[26] = 0.7542066574;
Wave[27] = 0.7603218555;
Wave[28] = 0.7658290863;
Wave[29] = 0.7714037895;
Wave[30] = 0.777150631;
Wave[31] = 0.782709837;
Wave[32] = 0.787612915;
Wave[33] = 0.7923641205;
Wave[34] = 0.7971105576;
Wave[35] = 0.8013327122;
Wave[36] = 0.8053035736;
Wave[37] = 0.8094491959;
Wave[38] = 0.8135995865;
Wave[39] = 0.8172819614;
Wave[40] = 0.8201637268;
Wave[41] = 0.8239758015;
Wave[42] = 0.826374054;
Wave[43] = 0.8296568394;
Wave[44] = 0.8297100067;
Wave[45] = 0.6845481396;
Wave[46] = 0.2295470238;
Wave[47] = -0.2002878189;
Wave[48] = -0.3951148987;
Wave[49] = -0.4592001438;
Wave[50] = -0.4787273407;
Wave[51] = -0.4848945141;
Wave[52] = -0.4861221313;
Wave[53] = -0.4869532585;
Wave[54] = -0.4871315956;
Wave[55] = -0.4878275394;
Wave[56] = -0.4882164001;
Wave[57] = -0.4888627529;
Wave[58] = -0.4895272255;
Wave[59] = -0.4888691902;
Wave[60] = -0.4884538651;
Wave[61] = -0.4877047539;
Wave[62] = -0.4875640869;
Wave[63] = -0.4862709045;
Wave[64] = -0.484664917;
Wave[65] = -0.4830985069;
Wave[66] = -0.4806594849;
Wave[67] = -0.4769902229;
Wave[68] = -0.4707307816;
Wave[69] = -0.4572210312;
Wave[70] = -0.4562397003;
Wave[71] = -0.4554064274;
Wave[72] = -0.4549293518;
Wave[73] = -0.4539921284;
Wave[74] = -0.4532260895;
Wave[75] = -0.4522404671;
Wave[76] = -0.4513263702;
Wave[77] = -0.4506652355;
Wave[78] = -0.4497718811;
Wave[79] = -0.4489085674;
Wave[80] = -0.4476585388;
Wave[81] = -0.4474301338;
Wave[82] = -0.4464821815;
Wave[83] = -0.4451594353;
Wave[84] = -0.4438791275;
Wave[85] = -0.4433963299;
Wave[86] = -0.4427537918;
Wave[87] = -0.4419827461;
Wave[88] = -0.4410457611;
Wave[89] = -0.4405515194;
Wave[90] = -0.4400172234;
Wave[91] = -0.4393999577;
Wave[92] = -0.4383134842;
Wave[93] = -0.4379882812;
Wave[94] = -0.4368538857;
Wave[95] = -0.4358537197;
Wave[96] = -0.4349136353;
Wave[97] = -0.4345395565;
Wave[98] = -0.4339137077;
Wave[99] = -0.4328734875;
Wave[100] = -0.4318284988;
Wave[101] = -0.4310958385;
Wave[102] = -0.4304351807;
Wave[103] = -0.429428339;
Wave[104] = -0.4287891388;
Wave[105] = -0.4277820587;
Wave[106] = -0.4269404411;
Wave[107] = -0.4265224934;
Wave[108] = -0.4257564545;
Wave[109] = -0.4248890877;
Wave[110] = -0.4241781235;
Wave[111] = -0.4233686924;
Wave[112] = -0.4224739075;
Wave[113] = -0.4214582443;
Wave[114] = -0.4211239815;
Wave[115] = -0.4204287529;
Wave[116] = -0.4192972183;
Wave[117] = -0.4184434414;
Wave[118] = -0.4178891182;
Wave[119] = -0.4175019264;
Wave[120] = -0.4169368744;
Wave[121] = -0.4164583683;
Wave[122] = -0.415705204;
Wave[123] = -0.4147753716;
Wave[124] = -0.4141073227;
Wave[125] = -0.4132528305;
Wave[126] = -0.412571907;
Wave[127] = -0.4113535881;
Selected.WaveTable.set(1, Wave);

?>
