#defaults=no
#cm=OSC
Wave=2
<?

float Wave[128];
Wave[0] = 0.1010131836;
Wave[1] = 0.3143208027;
Wave[2] = 0.4365668297;
Wave[3] = 0.4991645813;
Wave[4] = 0.5351495743;
Wave[5] = 0.5601334572;
Wave[6] = 0.5807356834;
Wave[7] = 0.5984816551;
Wave[8] = 0.6145019531;
Wave[9] = 0.6293246746;
Wave[10] = 0.6431422234;
Wave[11] = 0.65599823;
Wave[12] = 0.6680488586;
Wave[13] = 0.6795961857;
Wave[14] = 0.6902146339;
Wave[15] = 0.7000076771;
Wave[16] = 0.7094154358;
Wave[17] = 0.7184288502;
Wave[18] = 0.7272019386;
Wave[19] = 0.7359337807;
Wave[20] = 0.7437200546;
Wave[21] = 0.7513363361;
Wave[22] = 0.7584671974;
Wave[23] = 0.7654371262;
Wave[24] = 0.7719230652;
Wave[25] = 0.7780196667;
Wave[26] = 0.7838377953;
Wave[27] = 0.7894113064;
Wave[28] = 0.7954339981;
Wave[29] = 0.800126791;
Wave[30] = 0.8053851128;
Wave[31] = 0.8088514805;
Wave[32] = 0.6909866333;
Wave[33] = 0.3032903671;
Wave[34] = -0.0555763245;
Wave[35] = -0.2187800407;
Wave[36] = -0.2743186951;
Wave[37] = -0.2913918495;
Wave[38] = -0.2969565392;
Wave[39] = -0.2989401817;
Wave[40] = -0.3001346588;
Wave[41] = -0.3008694649;
Wave[42] = -0.3016476631;
Wave[43] = -0.3025004864;
Wave[44] = -0.3033657074;
Wave[45] = -0.3039708138;
Wave[46] = -0.3049669266;
Wave[47] = -0.3055326939;
Wave[48] = -0.3065032959;
Wave[49] = -0.3071041107;
Wave[50] = -0.3072557449;
Wave[51] = -0.3074989319;
Wave[52] = -0.3082351685;
Wave[53] = -0.308891058;
Wave[54] = -0.3084144592;
Wave[55] = -0.3087048531;
Wave[56] = -0.3090267181;
Wave[57] = -0.3090047836;
Wave[58] = -0.3086771965;
Wave[59] = -0.3079693317;
Wave[60] = -0.3075208664;
Wave[61] = -0.3072314262;
Wave[62] = -0.3062171936;
Wave[63] = -0.305172205;
Wave[64] = -0.3038330078;
Wave[65] = -0.3025729656;
Wave[66] = -0.3009142876;
Wave[67] = -0.2982037067;
Wave[68] = -0.2932395935;
Wave[69] = -0.2840354443;
Wave[70] = -0.2838468552;
Wave[71] = -0.2833812237;
Wave[72] = -0.282995224;
Wave[73] = -0.2822906971;
Wave[74] = -0.2818651199;
Wave[75] = -0.2811403275;
Wave[76] = -0.2807798386;
Wave[77] = -0.2803816795;
Wave[78] = -0.279522419;
Wave[79] = -0.2791526318;
Wave[80] = -0.2785835266;
Wave[81] = -0.2779419422;
Wave[82] = -0.2773880959;
Wave[83] = -0.2767403126;
Wave[84] = -0.2759771347;
Wave[85] = -0.2760100365;
Wave[86] = -0.2753324509;
Wave[87] = -0.2746443748;
Wave[88] = -0.2742729187;
Wave[89] = -0.2739031315;
Wave[90] = -0.2734475136;
Wave[91] = -0.2733483315;
Wave[92] = -0.2728977203;
Wave[93] = -0.2723128796;
Wave[94] = -0.2715201378;
Wave[95] = -0.2709527016;
Wave[96] = -0.2705307007;
Wave[97] = -0.2700514793;
Wave[98] = -0.2695674896;
Wave[99] = -0.2692832947;
Wave[100] = -0.268954277;
Wave[101] = -0.2687997818;
Wave[102] = -0.2679810524;
Wave[103] = -0.267052412;
Wave[104] = -0.266456604;
Wave[105] = -0.2664237022;
Wave[106] = -0.2662024498;
Wave[107] = -0.2648200989;
Wave[108] = -0.2642793655;
Wave[109] = -0.2641248703;
Wave[110] = -0.263654232;
Wave[111] = -0.2631311417;
Wave[112] = -0.2627105713;
Wave[113] = -0.2622900009;
Wave[114] = -0.2618975639;
Wave[115] = -0.2613787651;
Wave[116] = -0.2611951828;
Wave[117] = -0.2606189251;
Wave[118] = -0.2600131035;
Wave[119] = -0.2594003677;
Wave[120] = -0.259054184;
Wave[121] = -0.259032011;
Wave[122] = -0.2580270767;
Wave[123] = -0.2574198246;
Wave[124] = -0.2569684982;
Wave[125] = -0.2565515041;
Wave[126] = -0.2561545372;
Wave[127] = -0.2559690475;
Selected.WaveTable.set(1, Wave);

?>
