#defaults=no
#cm=OSC
Wave=2
<?

float Wave[128];
Wave[0] = 0.0034179688;
Wave[1] = 0.0154066086;
Wave[2] = 0.0282659531;
Wave[3] = 0.0420193672;
Wave[4] = 0.0565757751;
Wave[5] = 0.0713543892;
Wave[6] = 0.0868797302;
Wave[7] = 0.1028809547;
Wave[8] = 0.1194610596;
Wave[9] = 0.1358003616;
Wave[10] = 0.1526269913;
Wave[11] = 0.1698713303;
Wave[12] = 0.1870422363;
Wave[13] = 0.2046251297;
Wave[14] = 0.2227869034;
Wave[15] = 0.2407469749;
Wave[16] = 0.2591094971;
Wave[17] = 0.277130127;
Wave[18] = 0.295381546;
Wave[19] = 0.3141908646;
Wave[20] = 0.3331069946;
Wave[21] = 0.3521904945;
Wave[22] = 0.3708534241;
Wave[23] = 0.3897023201;
Wave[24] = 0.4086608887;
Wave[25] = 0.4277892113;
Wave[26] = 0.4466714859;
Wave[27] = 0.4659805298;
Wave[28] = 0.4852390289;
Wave[29] = 0.5040378571;
Wave[30] = 0.5233774185;
Wave[31] = 0.5428843498;
Wave[32] = 0.5616912842;
Wave[33] = 0.5804796219;
Wave[34] = 0.5998249054;
Wave[35] = 0.6189785004;
Wave[36] = 0.6378078461;
Wave[37] = 0.6560664177;
Wave[38] = 0.6751050949;
Wave[39] = 0.6936144829;
Wave[40] = 0.7121887207;
Wave[41] = 0.7306833267;
Wave[42] = 0.7491512299;
Wave[43] = 0.76765728;
Wave[44] = 0.7856311798;
Wave[45] = 0.8033032417;
Wave[46] = 0.8207902908;
Wave[47] = 0.8380022049;
Wave[48] = 0.8550643921;
Wave[49] = 0.8723115921;
Wave[50] = 0.8892068863;
Wave[51] = 0.9064936638;
Wave[52] = 0.8028202057;
Wave[53] = -0.4539866447;
Wave[54] = -0.9306936264;
Wave[55] = 0.9820508957;
Wave[56] = -0.2473831177;
Wave[57] = -0.9731621742;
Wave[58] = -0.949221611;
Wave[59] = -0.9251213074;
Wave[60] = -0.9006061554;
Wave[61] = -0.8758835793;
Wave[62] = -0.8505783081;
Wave[63] = -0.8245768547;
Wave[64] = -0.7980651855;
Wave[65] = -0.7709798813;
Wave[66] = -0.7423048019;
Wave[67] = -0.7121548653;
Wave[68] = -0.6772041321;
Wave[69] = -0.624894619;
Wave[70] = -0.6059780121;
Wave[71] = -0.5871548653;
Wave[72] = -0.56772995;
Wave[73] = -0.548989296;
Wave[74] = -0.5297794342;
Wave[75] = -0.510887146;
Wave[76] = -0.4922466278;
Wave[77] = -0.4734926224;
Wave[78] = -0.4552354813;
Wave[79] = -0.4370622635;
Wave[80] = -0.4182434082;
Wave[81] = -0.3995466232;
Wave[82] = -0.3808917999;
Wave[83] = -0.3627524376;
Wave[84] = -0.3445968628;
Wave[85] = -0.32625103;
Wave[86] = -0.3080425262;
Wave[87] = -0.2900800705;
Wave[88] = -0.2719650269;
Wave[89] = -0.2542243004;
Wave[90] = -0.2359790802;
Wave[91] = -0.2183818817;
Wave[92] = -0.2001647949;
Wave[93] = -0.1824741364;
Wave[94] = -0.1645364761;
Wave[95] = -0.1467165947;
Wave[96] = -0.1291351318;
Wave[97] = -0.112071991;
Wave[98] = -0.0943193436;
Wave[99] = -0.0769944191;
Wave[100] = -0.0592403412;
Wave[101] = -0.041864872;
Wave[102] = -0.0245685577;
Wave[103] = -0.0076885223;
Wave[104] = 0.0093154907;
Wave[105] = 0.0265755653;
Wave[106] = 0.0438919067;
Wave[107] = 0.0606255531;
Wave[108] = 0.0775413513;
Wave[109] = 0.094479084;
Wave[110] = 0.111451149;
Wave[111] = 0.1281704903;
Wave[112] = 0.1446914673;
Wave[113] = 0.1615314484;
Wave[114] = 0.178109169;
Wave[115] = 0.1943631172;
Wave[116] = 0.2109775543;
Wave[117] = 0.2268648148;
Wave[118] = 0.2424640656;
Wave[119] = 0.2595310211;
Wave[120] = 0.2759017944;
Wave[121] = 0.2845015526;
Wave[122] = -0.0792360306;
Wave[123] = -0.2438020706;
Wave[124] = -0.2444877625;
Wave[125] = -0.2275357246;
Wave[126] = -0.2093153;
Wave[127] = -0.1915521622;
Selected.WaveTable.set(1, Wave);

?>
