#defaults=no
#cm=OSC
Wave=2
<?

float Wave[128];
Wave[0] = 0.0704650879;
Wave[1] = 0.2678604126;
Wave[2] = 0.327586174;
Wave[3] = 0.3609609604;
Wave[4] = 0.386926651;
Wave[5] = 0.409154892;
Wave[6] = 0.4295606613;
Wave[7] = 0.4475369453;
Wave[8] = 0.4640312195;
Wave[9] = 0.4788713455;
Wave[10] = 0.4928045273;
Wave[11] = 0.5063118935;
Wave[12] = 0.5179710388;
Wave[13] = 0.5291762352;
Wave[14] = 0.5400724411;
Wave[15] = 0.5500392914;
Wave[16] = 0.5600662231;
Wave[17] = 0.5686264038;
Wave[18] = 0.5779781342;
Wave[19] = 0.5863165855;
Wave[20] = 0.5946960449;
Wave[21] = 0.6022977829;
Wave[22] = 0.6093635559;
Wave[23] = 0.61596632;
Wave[24] = 0.6231842041;
Wave[25] = 0.629799366;
Wave[26] = 0.6350603104;
Wave[27] = 0.6416454315;
Wave[28] = 0.6469116211;
Wave[29] = 0.6521425247;
Wave[30] = 0.6567831039;
Wave[31] = 0.6625480652;
Wave[32] = 0.6670227051;
Wave[33] = 0.6707849503;
Wave[34] = 0.6750993729;
Wave[35] = 0.6804785728;
Wave[36] = 0.6842384338;
Wave[37] = 0.6876239777;
Wave[38] = 0.6909208298;
Wave[39] = 0.6951375008;
Wave[40] = 0.6995925903;
Wave[41] = 0.7018642426;
Wave[42] = 0.7046737671;
Wave[43] = 0.7067341805;
Wave[44] = 0.7093105316;
Wave[45] = 0.7115311623;
Wave[46] = 0.7144050598;
Wave[47] = 0.7168951035;
Wave[48] = 0.7192611694;
Wave[49] = 0.7213349342;
Wave[50] = 0.7222480774;
Wave[51] = 0.7230300903;
Wave[52] = 0.7251396179;
Wave[53] = 0.7273616791;
Wave[54] = 0.7281913757;
Wave[55] = 0.727493763;
Wave[56] = 0.7302856445;
Wave[57] = 0.7310576439;
Wave[58] = 0.7319850922;
Wave[59] = 0.7327866554;
Wave[60] = 0.7331180573;
Wave[61] = 0.7322244644;
Wave[62] = 0.7321624756;
Wave[63] = 0.7312488556;
Wave[64] = 0.7301635742;
Wave[65] = 0.7284646034;
Wave[66] = 0.7268238068;
Wave[67] = 0.7238454819;
Wave[68] = 0.6919269562;
Wave[69] = -0.2219557762;
Wave[70] = -0.8299026489;
Wave[71] = -0.8955054283;
Wave[72] = -0.8974075317;
Wave[73] = -0.8929262161;
Wave[74] = -0.8889522552;
Wave[75] = -0.8862204552;
Wave[76] = -0.8838233948;
Wave[77] = -0.8801102638;
Wave[78] = -0.8768405914;
Wave[79] = -0.8739686012;
Wave[80] = -0.87109375;
Wave[81] = -0.8660683632;
Wave[82] = -0.862950325;
Wave[83] = -0.8610172272;
Wave[84] = -0.8577804565;
Wave[85] = -0.8540730476;
Wave[86] = -0.8510742188;
Wave[87] = -0.8484301567;
Wave[88] = -0.8446350098;
Wave[89] = -0.8416743279;
Wave[90] = -0.8393163681;
Wave[91] = -0.8350081444;
Wave[92] = -0.833530426;
Wave[93] = -0.8306589127;
Wave[94] = -0.8276395798;
Wave[95] = -0.8248200417;
Wave[96] = -0.8216705322;
Wave[97] = -0.8207411766;
Wave[98] = -0.8162107468;
Wave[99] = -0.8135008812;
Wave[100] = -0.810716629;
Wave[101] = -0.807366848;
Wave[102] = -0.8051376343;
Wave[103] = -0.8016209602;
Wave[104] = -0.7988433838;
Wave[105] = -0.7954006195;
Wave[106] = -0.7922449112;
Wave[107] = -0.7902803421;
Wave[108] = -0.7867774963;
Wave[109] = -0.7844090462;
Wave[110] = -0.7818384171;
Wave[111] = -0.7796797752;
Wave[112] = -0.7776794434;
Wave[113] = -0.7740511894;
Wave[114] = -0.7712898254;
Wave[115] = -0.7690544128;
Wave[116] = -0.7665367126;
Wave[117] = -0.7637434006;
Wave[118] = -0.7601823807;
Wave[119] = -0.7581734657;
Wave[120] = -0.7563171387;
Wave[121] = -0.752603054;
Wave[122] = -0.7503700256;
Wave[123] = -0.7476625443;
Wave[124] = -0.7451248169;
Wave[125] = -0.7416248322;
Wave[126] = -0.7386293411;
Wave[127] = -0.7369265556;
Selected.WaveTable.set(1, Wave);

?>
