#defaults=no
#cm=OSC
Wave=2
<?

float Wave[128];
Wave[0] = 0.0813598633;
Wave[1] = 0.2603883743;
Wave[2] = 0.3554930687;
Wave[3] = 0.4065294266;
Wave[4] = 0.4392938614;
Wave[5] = 0.4642207623;
Wave[6] = 0.4849681854;
Wave[7] = 0.5037884712;
Wave[8] = 0.5207099915;
Wave[9] = 0.5362899303;
Wave[10] = 0.5513319969;
Wave[11] = 0.5653045177;
Wave[12] = 0.578414917;
Wave[13] = 0.590631485;
Wave[14] = 0.6021990776;
Wave[15] = 0.6135854721;
Wave[16] = 0.6240081787;
Wave[17] = 0.6339066029;
Wave[18] = 0.6433429718;
Wave[19] = 0.6526105404;
Wave[20] = 0.6610298157;
Wave[21] = 0.6695687771;
Wave[22] = 0.6772956848;
Wave[23] = 0.6856036186;
Wave[24] = 0.693572998;
Wave[25] = 0.7007544041;
Wave[26] = 0.7072396278;
Wave[27] = 0.7141304016;
Wave[28] = 0.7212486267;
Wave[29] = 0.7272953987;
Wave[30] = 0.733089447;
Wave[31] = 0.7386186123;
Wave[32] = 0.7448577881;
Wave[33] = 0.7508282661;
Wave[34] = 0.7561922073;
Wave[35] = 0.760822773;
Wave[36] = 0.7663536072;
Wave[37] = 0.7711951733;
Wave[38] = 0.7755761147;
Wave[39] = 0.7802460194;
Wave[40] = 0.7843608856;
Wave[41] = 0.7886300087;
Wave[42] = 0.7927527428;
Wave[43] = 0.7961056232;
Wave[44] = 0.8000602722;
Wave[45] = 0.8034720421;
Wave[46] = 0.8068032265;
Wave[47] = 0.810202837;
Wave[48] = 0.8130989075;
Wave[49] = 0.8157007694;
Wave[50] = 0.8187742233;
Wave[51] = 0.8215610981;
Wave[52] = 0.8240842819;
Wave[53] = 0.826529026;
Wave[54] = 0.8292126656;
Wave[55] = 0.8305244446;
Wave[56] = 0.8313140869;
Wave[57] = 0.8325049877;
Wave[58] = 0.8344039917;
Wave[59] = 0.8350338936;
Wave[60] = 0.836230278;
Wave[61] = 0.835627079;
Wave[62] = 0.837243557;
Wave[63] = 0.8361670971;
Wave[64] = 0.8363800049;
Wave[65] = 0.8026750088;
Wave[66] = 0.4351601601;
Wave[67] = -0.2247028351;
Wave[68] = -0.6429185867;
Wave[69] = -0.7897355556;
Wave[70] = -0.8385634422;
Wave[71] = -0.8513371944;
Wave[72] = -0.8529281616;
Wave[73] = -0.8510789871;
Wave[74] = -0.8492364883;
Wave[75] = -0.8476309776;
Wave[76] = -0.8453893661;
Wave[77] = -0.8441410065;
Wave[78] = -0.8424038887;
Wave[79] = -0.8408904076;
Wave[80] = -0.8397789001;
Wave[81] = -0.8382623196;
Wave[82] = -0.8369674683;
Wave[83] = -0.8354024887;
Wave[84] = -0.8339834213;
Wave[85] = -0.8323173523;
Wave[86] = -0.8309855461;
Wave[87] = -0.8292710781;
Wave[88] = -0.8283882141;
Wave[89] = -0.8262181282;
Wave[90] = -0.8249120712;
Wave[91] = -0.8228940964;
Wave[92] = -0.821352005;
Wave[93] = -0.8199219704;
Wave[94] = -0.8183045387;
Wave[95] = -0.8175826073;
Wave[96] = -0.8162536621;
Wave[97] = -0.8146622181;
Wave[98] = -0.8130884171;
Wave[99] = -0.8112254143;
Wave[100] = -0.8098335266;
Wave[101] = -0.8086020947;
Wave[102] = -0.8073196411;
Wave[103] = -0.8056726456;
Wave[104] = -0.80427742;
Wave[105] = -0.8030493259;
Wave[106] = -0.8012595177;
Wave[107] = -0.799703598;
Wave[108] = -0.798579216;
Wave[109] = -0.7972056866;
Wave[110] = -0.7954583168;
Wave[111] = -0.7939128876;
Wave[112] = -0.7928733826;
Wave[113] = -0.7916417122;
Wave[114] = -0.789607048;
Wave[115] = -0.7880530357;
Wave[116] = -0.7862272263;
Wave[117] = -0.7851464748;
Wave[118] = -0.7837953568;
Wave[119] = -0.7822406292;
Wave[120] = -0.7805480957;
Wave[121] = -0.7791590691;
Wave[122] = -0.7781243324;
Wave[123] = -0.7772202492;
Wave[124] = -0.7753744125;
Wave[125] = -0.7740797997;
Wave[126] = -0.7725305557;
Wave[127] = -0.7714586258;
Selected.WaveTable.set(1, Wave);

?>
