#defaults=no
#cm=OSC
Wave=2
<?

float Wave[128];
Wave[0] = 0.0823669434;
Wave[1] = 0.2558817863;
Wave[2] = 0.3463768959;
Wave[3] = 0.3950335979;
Wave[4] = 0.4268407822;
Wave[5] = 0.4513137341;
Wave[6] = 0.4718351364;
Wave[7] = 0.4900729656;
Wave[8] = 0.5066947937;
Wave[9] = 0.5222406387;
Wave[10] = 0.5368566513;
Wave[11] = 0.5505402088;
Wave[12] = 0.563082695;
Wave[13] = 0.5750172138;
Wave[14] = 0.586681366;
Wave[15] = 0.5975401402;
Wave[16] = 0.6078491211;
Wave[17] = 0.6171832085;
Wave[18] = 0.6266217232;
Wave[19] = 0.6360394955;
Wave[20] = 0.6443109512;
Wave[21] = 0.653288126;
Wave[22] = 0.6617178917;
Wave[23] = 0.6693048477;
Wave[24] = 0.6769924164;
Wave[25] = 0.6843190193;
Wave[26] = 0.6908912659;
Wave[27] = 0.6972215176;
Wave[28] = 0.7040338516;
Wave[29] = 0.709751606;
Wave[30] = 0.7157177925;
Wave[31] = 0.7217726707;
Wave[32] = 0.7268753052;
Wave[33] = 0.7324323654;
Wave[34] = 0.7378611565;
Wave[35] = 0.7426416874;
Wave[36] = 0.7477731705;
Wave[37] = 0.7524695396;
Wave[38] = 0.7572669983;
Wave[39] = 0.7615759373;
Wave[40] = 0.7663059235;
Wave[41] = 0.7697787285;
Wave[42] = 0.7735295296;
Wave[43] = 0.7775015831;
Wave[44] = 0.781329155;
Wave[45] = 0.7847781181;
Wave[46] = 0.7880105972;
Wave[47] = 0.7911946774;
Wave[48] = 0.7940673828;
Wave[49] = 0.7967710495;
Wave[50] = 0.7992444038;
Wave[51] = 0.8023080826;
Wave[52] = 0.8048696518;
Wave[53] = 0.8073701859;
Wave[54] = 0.8088340759;
Wave[55] = 0.810741663;
Wave[56] = 0.8122901917;
Wave[57] = 0.8134949207;
Wave[58] = 0.8150076866;
Wave[59] = 0.8161511421;
Wave[60] = 0.816699028;
Wave[61] = 0.8174204826;
Wave[62] = 0.8171467781;
Wave[63] = 0.8170888424;
Wave[64] = 0.8168792725;
Wave[65] = 0.814789772;
Wave[66] = 0.8139557838;
Wave[67] = 0.8086378574;
Wave[68] = 0.7295122147;
Wave[69] = 0.2066903114;
Wave[70] = -0.4028596878;
Wave[71] = -0.7360372543;
Wave[72] = -0.8588142395;
Wave[73] = -0.8922317028;
Wave[74] = -0.8997368813;
Wave[75] = -0.8998217583;
Wave[76] = -0.8980264664;
Wave[77] = -0.8961644173;
Wave[78] = -0.8944296837;
Wave[79] = -0.8931336403;
Wave[80] = -0.891254425;
Wave[81] = -0.8894579411;
Wave[82] = -0.8876948357;
Wave[83] = -0.8863606453;
Wave[84] = -0.8846626282;
Wave[85] = -0.8831791878;
Wave[86] = -0.8817305565;
Wave[87] = -0.8803207874;
Wave[88] = -0.8784046173;
Wave[89] = -0.876960516;
Wave[90] = -0.875348568;
Wave[91] = -0.8736724854;
Wave[92] = -0.8718099594;
Wave[93] = -0.8702819347;
Wave[94] = -0.8689494133;
Wave[95] = -0.8670988083;
Wave[96] = -0.8649368286;
Wave[97] = -0.8634970188;
Wave[98] = -0.8620200157;
Wave[99] = -0.8610775471;
Wave[100] = -0.8608493805;
Wave[101] = -0.8590836525;
Wave[102] = -0.8570551872;
Wave[103] = -0.8550927639;
Wave[104] = -0.8532886505;
Wave[105] = -0.8518574238;
Wave[106] = -0.8504319191;
Wave[107] = -0.8493666649;
Wave[108] = -0.8475465775;
Wave[109] = -0.8456110954;
Wave[110] = -0.8433179855;
Wave[111] = -0.8423008919;
Wave[112] = -0.8414535522;
Wave[113] = -0.8400230408;
Wave[114] = -0.8382563591;
Wave[115] = -0.8368544579;
Wave[116] = -0.8353090286;
Wave[117] = -0.8335971832;
Wave[118] = -0.8323054314;
Wave[119] = -0.8304395676;
Wave[120] = -0.8288993835;
Wave[121] = -0.8279423714;
Wave[122] = -0.8258743286;
Wave[123] = -0.8250932693;
Wave[124] = -0.8237743378;
Wave[125] = -0.8221182823;
Wave[126] = -0.8201370239;
Wave[127] = -0.8193643093;
Selected.WaveTable.set(1, Wave);

?>
