#defaults=no 
#cm=OSC 
Wave=2 
<? 

float Wave[ 128 ]; 
Wave[0] = 0.021194458; 
Wave[1] = -0.03169918; 
Wave[2] = -0.042435646; 
Wave[3] = -0.03802514; 
Wave[4] = -0.0519948; 
Wave[5] = -0.053613663; 
Wave[6] = -0.054520845; 
Wave[7] = -0.056530833; 
Wave[8] = -0.05443096; 
Wave[9] = -0.057549834; 
Wave[10] = -0.06348157; 
Wave[11] = -0.057489872; 
Wave[12] = -0.062070847; 
Wave[13] = -0.06358385; 
Wave[14] = -0.060039997; 
Wave[15] = -0.06528461; 
Wave[16] = -0.06360054; 
Wave[17] = -0.060100555; 
Wave[18] = -0.0623281; 
Wave[19] = -0.06258893; 
Wave[20] = -0.06079483; 
Wave[21] = -0.06309128; 
Wave[22] = -0.05735135; 
Wave[23] = -0.061750054; 
Wave[24] = -0.05675602; 
Wave[25] = -0.05618143; 
Wave[26] = -0.057579994; 
Wave[27] = -0.054061294; 
Wave[28] = -0.05693388; 
Wave[29] = -0.05380678; 
Wave[30] = -0.050397396; 
Wave[31] = -0.051543713; 
Wave[32] = -0.049922943; 
Wave[33] = -0.047205567; 
Wave[34] = -0.04852891; 
Wave[35] = -0.045099378; 
Wave[36] = -0.046773434; 
Wave[37] = -0.045146704; 
Wave[38] = -0.044720173; 
Wave[39] = -0.042622805; 
Wave[40] = -0.038805008; 
Wave[41] = -0.040830374; 
Wave[42] = -0.039889574; 
Wave[43] = -0.034517646; 
Wave[44] = -0.03616619; 
Wave[45] = -0.033822417; 
Wave[46] = -0.030095577; 
Wave[47] = -0.03156948; 
Wave[48] = -0.02983284; 
Wave[49] = -0.025574088; 
Wave[50] = -0.028246164; 
Wave[51] = -0.022884965; 
Wave[52] = -0.02472353; 
Wave[53] = -0.0216856; 
Wave[54] = -0.01830554; 
Wave[55] = -0.019851923; 
Wave[56] = -0.01750946; 
Wave[57] = -0.013933897; 
Wave[58] = -0.016082764; 
Wave[59] = -0.01068449; 
Wave[60] = -0.012829781; 
Wave[61] = -0.009117484; 
Wave[62] = -0.0069100857; 
Wave[63] = -0.008328915; 
Wave[64] = -0.0028686523; 
Wave[65] = -0.0052137375; 
Wave[66] = 0.0; 
Wave[67] = 0.0; 
Wave[68] = 0.0; 
Wave[69] = 0.004963517; 
Wave[70] = 0.0026869774; 
Wave[71] = 0.008022904; 
Wave[72] = 0.0075387955; 
Wave[73] = 0.008166552; 
Wave[74] = 0.012785196; 
Wave[75] = 0.010616541; 
Wave[76] = 0.015965939; 
Wave[77] = 0.016503334; 
Wave[78] = 0.015411854; 
Wave[79] = 0.02058816; 
Wave[80] = 0.018493652; 
Wave[81] = 0.024066448; 
Wave[82] = 0.024921179; 
Wave[83] = 0.025211334; 
Wave[84] = 0.028113365; 
Wave[85] = 0.026266456; 
Wave[86] = 0.032093763; 
Wave[87] = 0.029383063; 
Wave[88] = 0.032357216; 
Wave[89] = 0.036865234; 
Wave[90] = 0.034150124; 
Wave[91] = 0.039945245; 
Wave[92] = 0.037655354; 
Wave[93] = 0.039342284; 
Wave[94] = 0.04282689; 
Wave[95] = 0.042633414; 
Wave[96] = 0.046585083; 
Wave[97] = 0.04578495; 
Wave[98] = 0.046571255; 
Wave[99] = 0.051143885; 
Wave[100] = 0.050487995; 
Wave[101] = 0.054715276; 
Wave[102] = 0.057480335; 
Wave[103] = 0.058890462; 
Wave[104] = 0.059883118; 
Wave[105] = 0.060633063; 
Wave[106] = 0.06280279; 
Wave[107] = 0.06481099; 
Wave[108] = 0.06581497; 
Wave[109] = 0.06706369; 
Wave[110] = 0.06825709; 
Wave[111] = 0.07162857; 
Wave[112] = 0.07116318; 
Wave[113] = 0.072835445; 
Wave[114] = 0.07501984; 
Wave[115] = 0.07627797; 
Wave[116] = 0.07562828; 
Wave[117] = 0.07861352; 
Wave[118] = 0.07709026; 
Wave[119] = 0.079873204; 
Wave[120] = 0.077433586; 
Wave[121] = 0.08545244; 
Wave[122] = 0.08571839; 
Wave[123] = 0.08206105; 
Wave[124] = 0.08675432; 
Wave[125] = 0.09403372; 
Wave[126] = -0.17474604; 
Wave[127] = 0.043053985; 
Selected.WaveTable.set( 1 , Wave ); 

?> 
