#defaults=no 
#cm=OSC 
Wave=2 
<? 

float Wave[ 128 ]; 
Wave[0] = 0.0; 
Wave[1] = 0.0088425875; 
Wave[2] = 0.019751072; 
Wave[3] = 0.032518864; 
Wave[4] = 0.04213047; 
Wave[5] = 0.051577806; 
Wave[6] = 0.061980486; 
Wave[7] = 0.07011771; 
Wave[8] = 0.078107834; 
Wave[9] = 0.087779164; 
Wave[10] = 0.097788095; 
Wave[11] = 0.10799074; 
Wave[12] = 0.11767435; 
Wave[13] = 0.128744; 
Wave[14] = 0.14181185; 
Wave[15] = 0.15166068; 
Wave[16] = 0.16197968; 
Wave[17] = 0.17187321; 
Wave[18] = 0.18189454; 
Wave[19] = 0.19220197; 
Wave[20] = 0.20204687; 
Wave[21] = 0.21110451; 
Wave[22] = 0.222193; 
Wave[23] = 0.22843957; 
Wave[24] = 0.23876762; 
Wave[25] = 0.24884689; 
Wave[26] = 0.2588439; 
Wave[27] = 0.26924932; 
Wave[28] = 0.2765503; 
Wave[29] = 0.2715603; 
Wave[30] = 0.26506233; 
Wave[31] = 0.26280475; 
Wave[32] = 0.25580978; 
Wave[33] = 0.25421166; 
Wave[34] = 0.24901581; 
Wave[35] = 0.242867; 
Wave[36] = 0.2341528; 
Wave[37] = 0.22911096; 
Wave[38] = 0.22413325; 
Wave[39] = 0.21710956; 
Wave[40] = 0.20999336; 
Wave[41] = 0.19911778; 
Wave[42] = 0.19266558; 
Wave[43] = 0.18730807; 
Wave[44] = 0.17607832; 
Wave[45] = 0.17108679; 
Wave[46] = 0.15918016; 
Wave[47] = 0.15447974; 
Wave[48] = 0.14201546; 
Wave[49] = 0.13756943; 
Wave[50] = 0.12597513; 
Wave[51] = 0.11579323; 
Wave[52] = 0.11086559; 
Wave[53] = 0.09766579; 
Wave[54] = 0.08874488; 
Wave[55] = 0.08259082; 
Wave[56] = 0.073963165; 
Wave[57] = 0.060985804; 
Wave[58] = 0.051326275; 
Wave[59] = 0.044468284; 
Wave[60] = 0.03650999; 
Wave[61] = 0.026630044; 
Wave[62] = 0.013257742; 
Wave[63] = 0.003649354; 
Wave[64] = -0.006263733; 
Wave[65] = -0.0123541355; 
Wave[66] = -0.02174139; 
Wave[67] = -0.031606555; 
Wave[68] = -0.044934273; 
Wave[69] = -0.053894877; 
Wave[70] = -0.06501746; 
Wave[71] = -0.07474196; 
Wave[72] = -0.08494854; 
Wave[73] = -0.094717026; 
Wave[74] = -0.10145426; 
Wave[75] = -0.11093128; 
Wave[76] = -0.120630264; 
Wave[77] = -0.13086665; 
Wave[78] = -0.14091158; 
Wave[79] = -0.15067291; 
Wave[80] = -0.16103935; 
Wave[81] = -0.17388308; 
Wave[82] = -0.18444514; 
Wave[83] = -0.19518387; 
Wave[84] = -0.20445919; 
Wave[85] = -0.21524072; 
Wave[86] = -0.2254529; 
Wave[87] = -0.23528206; 
Wave[88] = -0.2456646; 
Wave[89] = -0.25577104; 
Wave[90] = -0.2656803; 
Wave[91] = -0.27609098; 
Wave[92] = -0.28269005; 
Wave[93] = -0.27294374; 
Wave[94] = -0.2683394; 
Wave[95] = -0.26412904; 
Wave[96] = -0.26208115; 
Wave[97] = -0.25655115; 
Wave[98] = -0.2484119; 
Wave[99] = -0.24288952; 
Wave[100] = -0.23780918; 
Wave[101] = -0.23013031; 
Wave[102] = -0.22374845; 
Wave[103] = -0.21731532; 
Wave[104] = -0.2133913; 
Wave[105] = -0.2061559; 
Wave[106] = -0.19467402; 
Wave[107] = -0.1879648; 
Wave[108] = -0.18279934; 
Wave[109] = -0.17050493; 
Wave[110] = -0.16646647; 
Wave[111] = -0.1540376; 
Wave[112] = -0.14931107; 
Wave[113] = -0.1389215; 
Wave[114] = -0.12856293; 
Wave[115] = -0.123137; 
Wave[116] = -0.110387325; 
Wave[117] = -0.10117781; 
Wave[118] = -0.09607983; 
Wave[119] = -0.0856446; 
Wave[120] = -0.073428154; 
Wave[121] = -0.06827843; 
Wave[122] = -0.0587101; 
Wave[123] = -0.04856503; 
Wave[124] = -0.03598118; 
Wave[125] = -0.026536942; 
Wave[126] = -0.01773858; 
Wave[127] = -0.011013627; 
Selected.WaveTable.set( 1 , Wave ); 

?> 
