#defaults=no 
#cm=OSC 
Wave=2 
<? 

float Wave[ 128 ]; 
Wave[0] = 0.0; 
Wave[1] = -0.001149416; 
Wave[2] = 0.0; 
Wave[3] = 0.005660057; 
Wave[4] = 0.01192379; 
Wave[5] = 0.015415907; 
Wave[6] = 0.018874645; 
Wave[7] = 0.021130323; 
Wave[8] = 0.021855354; 
Wave[9] = 0.025243402; 
Wave[10] = 0.028657913; 
Wave[11] = 0.032075524; 
Wave[12] = 0.035842896; 
Wave[13] = 0.04213333; 
Wave[14] = 0.046117783; 
Wave[15] = 0.04946208; 
Wave[16] = 0.05273819; 
Wave[17] = 0.056091547; 
Wave[18] = 0.056903362; 
Wave[19] = 0.0587945; 
Wave[20] = 0.06207609; 
Wave[21] = 0.065348506; 
Wave[22] = 0.068590164; 
Wave[23] = 0.07351947; 
Wave[24] = 0.078985214; 
Wave[25] = 0.08215356; 
Wave[26] = 0.08541846; 
Wave[27] = 0.08864164; 
Wave[28] = 0.09180975; 
Wave[29] = 0.09492028; 
Wave[30] = 0.098086834; 
Wave[31] = 0.10125518; 
Wave[32] = 0.104385376; 
Wave[33] = 0.107408166; 
Wave[34] = 0.10755849; 
Wave[35] = 0.10975349; 
Wave[36] = 0.11284685; 
Wave[37] = 0.115908146; 
Wave[38] = 0.118914604; 
Wave[39] = 0.12198031; 
Wave[40] = 0.12503433; 
Wave[41] = 0.12803757; 
Wave[42] = 0.13100934; 
Wave[43] = 0.13400793; 
Wave[44] = 0.13697767; 
Wave[45] = 0.13991249; 
Wave[46] = 0.14290738; 
Wave[47] = 0.14578927; 
Wave[48] = 0.14867973; 
Wave[49] = 0.15160728; 
Wave[50] = 0.15454435; 
Wave[51] = 0.1573627; 
Wave[52] = 0.16021061; 
Wave[53] = 0.16308391; 
Wave[54] = 0.1658938; 
Wave[55] = 0.17132759; 
Wave[56] = 0.1753807; 
Wave[57] = 0.17818725; 
Wave[58] = 0.18095088; 
Wave[59] = 0.18364942; 
Wave[60] = 0.18637228; 
Wave[61] = 0.18908858; 
Wave[62] = 0.19174814; 
Wave[63] = 0.1914519; 
Wave[64] = 0.19294739; 
Wave[65] = 0.19365215; 
Wave[66] = 0.18842387; 
Wave[67] = 0.06227982; 
Wave[68] = -0.12877083; 
Wave[69] = -0.25206697; 
Wave[70] = -0.22291636; 
Wave[71] = -0.22884834; 
Wave[72] = -0.22856617; 
Wave[73] = -0.22434235; 
Wave[74] = -0.21796203; 
Wave[75] = -0.21401894; 
Wave[76] = -0.21188784; 
Wave[77] = -0.20769858; 
Wave[78] = -0.20135188; 
Wave[79] = -0.19974458; 
Wave[80] = -0.19337845; 
Wave[81] = -0.18897426; 
Wave[82] = -0.18638396; 
Wave[83] = -0.17897189; 
Wave[84] = -0.1767168; 
Wave[85] = -0.17205656; 
Wave[86] = -0.16607976; 
Wave[87] = -0.1646806; 
Wave[88] = -0.15795231; 
Wave[89] = -0.15417838; 
Wave[90] = -0.15128255; 
Wave[91] = -0.14407861; 
Wave[92] = -0.14246798; 
Wave[93] = -0.13751817; 
Wave[94] = -0.1313231; 
Wave[95] = -0.12714875; 
Wave[96] = -0.1259613; 
Wave[97] = -0.120860934; 
Wave[98] = -0.11589408; 
Wave[99] = -0.11468196; 
Wave[100] = -0.110634804; 
Wave[101] = -0.10451484; 
Wave[102] = -0.099877596; 
Wave[103] = -0.098422885; 
Wave[104] = -0.09149647; 
Wave[105] = -0.086884856; 
Wave[106] = -0.08426094; 
Wave[107] = -0.08291948; 
Wave[108] = -0.07904577; 
Wave[109] = -0.07288647; 
Wave[110] = -0.06889725; 
Wave[111] = -0.067528725; 
Wave[112] = -0.06373596; 
Wave[113] = -0.057519555; 
Wave[114] = -0.05232048; 
Wave[115] = -0.04912567; 
Wave[116] = -0.04838562; 
Wave[117] = -0.045041442; 
Wave[118] = -0.039675236; 
Wave[119] = -0.033712745; 
Wave[120] = -0.030070305; 
Wave[121] = -0.02915454; 
Wave[122] = -0.02670002; 
Wave[123] = -0.022222042; 
Wave[124] = -0.015607834; 
Wave[125] = -0.011853933; 
Wave[126] = -0.010129929; 
Wave[127] = -0.0073242188; 
Selected.WaveTable.set( 1 , Wave ); 

?> 
