#defaults=no 
#cm=OSC 
Wave=2 
<? 

float Wave[ 128 ]; 
Wave[0] = 0.004699707; 
Wave[1] = 0.012905121; 
Wave[2] = 0.027414322; 
Wave[3] = 0.03722477; 
Wave[4] = 0.049842834; 
Wave[5] = 0.062339783; 
Wave[6] = 0.07224655; 
Wave[7] = 0.08757591; 
Wave[8] = 0.09877014; 
Wave[9] = 0.10974121; 
Wave[10] = 0.11653519; 
Wave[11] = 0.12690926; 
Wave[12] = 0.13698578; 
Wave[13] = 0.15062618; 
Wave[14] = 0.15996742; 
Wave[15] = 0.16623688; 
Wave[16] = 0.17749023; 
Wave[17] = 0.18433952; 
Wave[18] = 0.19174385; 
Wave[19] = 0.20039272; 
Wave[20] = 0.2031517; 
Wave[21] = 0.21149445; 
Wave[22] = 0.21886444; 
Wave[23] = 0.2239666; 
Wave[24] = 0.22653961; 
Wave[25] = 0.22857952; 
Wave[26] = 0.23541832; 
Wave[27] = 0.23650646; 
Wave[28] = 0.23802567; 
Wave[29] = 0.24262333; 
Wave[30] = 0.24363327; 
Wave[31] = 0.24139786; 
Wave[32] = 0.17399597; 
Wave[33] = -0.106497765; 
Wave[34] = 0.22841644; 
Wave[35] = 0.24308491; 
Wave[36] = 0.23775482; 
Wave[37] = 0.23794365; 
Wave[38] = 0.23367119; 
Wave[39] = 0.23390579; 
Wave[40] = 0.22818756; 
Wave[41] = 0.22192383; 
Wave[42] = 0.21705437; 
Wave[43] = 0.21161366; 
Wave[44] = 0.20859528; 
Wave[45] = 0.20287323; 
Wave[46] = 0.19368362; 
Wave[47] = 0.18599033; 
Wave[48] = 0.18078613; 
Wave[49] = 0.16848755; 
Wave[50] = 0.16213417; 
Wave[51] = 0.15441799; 
Wave[52] = 0.14091873; 
Wave[53] = 0.1309824; 
Wave[54] = 0.12073517; 
Wave[55] = 0.11088467; 
Wave[56] = 0.10319519; 
Wave[57] = 0.09209633; 
Wave[58] = 0.07684708; 
Wave[59] = 0.06701374; 
Wave[60] = 0.05750656; 
Wave[61] = 0.041758537; 
Wave[62] = 0.03125; 
Wave[63] = 0.018968582; 
Wave[64] = 0.009552002; 
Wave[65] = -0.003780365; 
Wave[66] = -0.016130447; 
Wave[67] = -0.026753426; 
Wave[68] = -0.041690826; 
Wave[69] = -0.05067444; 
Wave[70] = -0.06589508; 
Wave[71] = -0.07410908; 
Wave[72] = -0.087516785; 
Wave[73] = -0.10071373; 
Wave[74] = -0.111730576; 
Wave[75] = -0.12074947; 
Wave[76] = -0.12900925; 
Wave[77] = -0.14304733; 
Wave[78] = -0.15282059; 
Wave[79] = -0.16223621; 
Wave[80] = -0.16738892; 
Wave[81] = -0.17720032; 
Wave[82] = -0.18562317; 
Wave[83] = -0.1955738; 
Wave[84] = -0.19914627; 
Wave[85] = -0.20809841; 
Wave[86] = -0.21608925; 
Wave[87] = -0.21789646; 
Wave[88] = -0.2230835; 
Wave[89] = -0.23091125; 
Wave[90] = -0.23524094; 
Wave[91] = -0.23531437; 
Wave[92] = -0.24118805; 
Wave[93] = -0.24062729; 
Wave[94] = -0.24380875; 
Wave[95] = -0.24741077; 
Wave[96] = -0.24798584; 
Wave[97] = -0.2478962; 
Wave[98] = -0.24724579; 
Wave[99] = -0.24235916; 
Wave[100] = -0.24122238; 
Wave[101] = -0.2395029; 
Wave[102] = -0.23820114; 
Wave[103] = -0.23434925; 
Wave[104] = -0.22698212; 
Wave[105] = -0.2222557; 
Wave[106] = -0.21697044; 
Wave[107] = -0.21283817; 
Wave[108] = -0.20869827; 
Wave[109] = -0.19821644; 
Wave[110] = -0.19304657; 
Wave[111] = -0.18549156; 
Wave[112] = -0.1745758; 
Wave[113] = -0.16977406; 
Wave[114] = -0.16066933; 
Wave[115] = -0.14754868; 
Wave[116] = -0.13743973; 
Wave[117] = -0.12725449; 
Wave[118] = -0.116760254; 
Wave[119] = -0.106705666; 
Wave[120] = -0.09882355; 
Wave[121] = -0.08437061; 
Wave[122] = -0.07263756; 
Wave[123] = -0.06437969; 
Wave[124] = -0.04963684; 
Wave[125] = -0.036979675; 
Wave[126] = -0.027143478; 
Wave[127] = -0.015300751; 
Selected.WaveTable.set( 1 , Wave ); 

?> 
