#defaults=no 
#cm=OSC 
Wave=2 
<? 

float Wave[ 128 ]; 
Wave[0] = 0.0026397705; 
Wave[1] = 0.0026233196; 
Wave[2] = 0.0026068687; 
Wave[3] = 0.0025787354; 
Wave[4] = 0.0025634766; 
Wave[5] = 0.0025422573; 
Wave[6] = 0.0025258064; 
Wave[7] = 0.0025024414; 
Wave[8] = 0.0024871826; 
Wave[9] = 0.002461195; 
Wave[10] = 0.002444744; 
Wave[11] = 0.0024261475; 
Wave[12] = 0.0024108887; 
Wave[13] = 0.002380371; 
Wave[14] = 0.0023651123; 
Wave[15] = 0.0023498535; 
Wave[16] = 0.00233078; 
Wave[17] = 0.0023040771; 
Wave[18] = 0.0022888184; 
Wave[19] = -0.11164236; 
Wave[20] = -0.4663267; 
Wave[21] = -0.21836114; 
Wave[22] = 0.008566856; 
Wave[23] = 0.008544922; 
Wave[24] = 0.008516312; 
Wave[25] = 0.008484602; 
Wave[26] = 0.008468151; 
Wave[27] = 0.00843811; 
Wave[28] = 0.008419991; 
Wave[29] = 0.008388281; 
Wave[30] = 0.008361816; 
Wave[31] = 0.00834012; 
Wave[32] = 0.008308411; 
Wave[33] = 0.008285522; 
Wave[34] = 0.00826025; 
Wave[35] = 0.008239746; 
Wave[36] = 0.0082092285; 
Wave[37] = 0.00818038; 
Wave[38] = 0.008163452; 
Wave[39] = 0.008132935; 
Wave[40] = 0.008102417; 
Wave[41] = 0.008084059; 
Wave[42] = 0.008056641; 
Wave[43] = 0.008035898; 
Wave[44] = 0.008010864; 
Wave[45] = 0.007987738; 
Wave[46] = 0.007965088; 
Wave[47] = 0.00793457; 
Wave[48] = 0.007907867; 
Wave[49] = 0.007888794; 
Wave[50] = 0.007859707; 
Wave[51] = 0.007843018; 
Wave[52] = 0.0078125; 
Wave[53] = 0.0038888454; 
Wave[54] = 0.0038604736; 
Wave[55] = 0.003840685; 
Wave[56] = 0.0038146973; 
Wave[57] = 0.0037925243; 
Wave[58] = 0.003768921; 
Wave[59] = 0.0037443638; 
Wave[60] = 0.0037231445; 
Wave[61] = 0.0036962032; 
Wave[62] = 0.0036773682; 
Wave[63] = 0.0036480427; 
Wave[64] = 0.0036315918; 
Wave[65] = 0.0036010742; 
Wave[66] = 0.0035834312; 
Wave[67] = 0.0035552979; 
Wave[68] = 0.0035352707; 
Wave[69] = 0.0035095215; 
Wave[70] = 0.0034871101; 
Wave[71] = 0.0034637451; 
Wave[72] = 0.0034389496; 
Wave[73] = 0.0034179688; 
Wave[74] = 0.00340271; 
Wave[75] = 0.0033743382; 
Wave[76] = 0.0033569336; 
Wave[77] = 0.003326416; 
Wave[78] = 0.0033097267; 
Wave[79] = 0.0032806396; 
Wave[80] = 0.0032653809; 
Wave[81] = 0.0032451153; 
Wave[82] = 0.0032196045; 
Wave[83] = 0.0031969547; 
Wave[84] = 0.0031738281; 
Wave[85] = 0.0031585693; 
Wave[86] = 0.0031323433; 
Wave[87] = 0.003112793; 
Wave[88] = 0.0030841827; 
Wave[89] = 0.0030677319; 
Wave[90] = 0.003051281; 
Wave[91] = 0.0030212402; 
Wave[92] = 0.0030059814; 
Wave[93] = 0.0029866695; 
Wave[94] = 0.002960205; 
Wave[95] = 0.002938509; 
Wave[96] = 0.002922058; 
Wave[97] = 0.00289917; 
Wave[98] = 0.0028738976; 
Wave[99] = 0.0028574467; 
Wave[100] = 0.0028381348; 
Wave[101] = 0.0028092861; 
Wave[102] = 0.0027928352; 
Wave[103] = 0.0027763844; 
Wave[104] = 0.0027599335; 
Wave[105] = 0.0027313232; 
Wave[106] = 0.0027160645; 
Wave[107] = 0.002695322; 
Wave[108] = 0.002670288; 
Wave[109] = 0.0026550293; 
Wave[110] = 0.0026307106; 
Wave[111] = 0.002609253; 
Wave[112] = 0.0025939941; 
Wave[113] = 0.0025787354; 
Wave[114] = 0.0025496483; 
Wave[115] = 0.002532959; 
Wave[116] = 0.0025167465; 
Wave[117] = 0.0024871826; 
Wave[118] = 0.0024719238; 
Wave[119] = 0.002456665; 
Wave[120] = 0.0024356842; 
Wave[121] = 0.0024108887; 
Wave[122] = 0.0023956299; 
Wave[123] = 0.002380371; 
Wave[124] = 0.002354622; 
Wave[125] = 0.002338171; 
Wave[126] = 0.002319336; 
Wave[127] = 0.0023040771; 
Selected.WaveTable.set( 1 , Wave ); 

?> 
