#defaults=no 
#cm=OSC 
Wave=2 
<? 

float Wave[ 128 ]; 
Wave[0] = -0.001876831; 
Wave[1] = 0.0066127777; 
Wave[2] = 0.014110565; 
Wave[3] = 0.019641876; 
Wave[4] = 0.024169922; 
Wave[5] = 0.03160858; 
Wave[6] = 0.03509903; 
Wave[7] = 0.042467117; 
Wave[8] = 0.045898438; 
Wave[9] = 0.054172516; 
Wave[10] = 0.05848694; 
Wave[11] = 0.06666756; 
Wave[12] = 0.070884705; 
Wave[13] = 0.07798004; 
Wave[14] = 0.08111954; 
Wave[15] = 0.08711815; 
Wave[16] = 0.09500122; 
Wave[17] = 0.09794235; 
Wave[18] = 0.10276413; 
Wave[19] = 0.1104393; 
Wave[20] = 0.11412811; 
Wave[21] = 0.117733; 
Wave[22] = 0.12516785; 
Wave[23] = 0.12958336; 
Wave[24] = 0.13195801; 
Wave[25] = 0.13911629; 
Wave[26] = 0.14422989; 
Wave[27] = 0.14924431; 
Wave[28] = 0.15219879; 
Wave[29] = 0.15456009; 
Wave[30] = 0.15974426; 
Wave[31] = 0.1628704; 
Wave[32] = 0.16687012; 
Wave[33] = 0.17220116; 
Wave[34] = 0.17449951; 
Wave[35] = 0.17863083; 
Wave[36] = 0.18360901; 
Wave[37] = 0.18846703; 
Wave[38] = 0.19125366; 
Wave[39] = 0.19293022; 
Wave[40] = 0.19447327; 
Wave[41] = 0.1988182; 
Wave[42] = 0.2040062; 
Wave[43] = 0.20271301; 
Wave[44] = 0.20715332; 
Wave[45] = 0.21144104; 
Wave[46] = 0.20972824; 
Wave[47] = 0.21569443; 
Wave[48] = 0.2137146; 
Wave[49] = 0.21938896; 
Wave[50] = 0.2171135; 
Wave[51] = 0.21860504; 
Wave[52] = 0.22384644; 
Wave[53] = 0.2211361; 
Wave[54] = 0.22217941; 
Wave[55] = 0.22698212; 
Wave[56] = 0.22773743; 
Wave[57] = 0.2283287; 
Wave[58] = 0.22487259; 
Wave[59] = 0.22517776; 
Wave[60] = 0.22532654; 
Wave[61] = 0.22532272; 
Wave[62] = 0.22517776; 
Wave[63] = 0.22487259; 
Wave[64] = 0.22833252; 
Wave[65] = 0.13870049; 
Wave[66] = -0.19798279; 
Wave[67] = -0.2598629; 
Wave[68] = -0.26293182; 
Wave[69] = -0.26145363; 
Wave[70] = -0.25688934; 
Wave[71] = -0.25951958; 
Wave[72] = -0.25808716; 
Wave[73] = -0.25259972; 
Wave[74] = -0.25478745; 
Wave[75] = -0.24902344; 
Wave[76] = -0.2509308; 
Wave[77] = -0.24536133; 
Wave[78] = -0.24648666; 
Wave[79] = -0.24162865; 
Wave[80] = -0.2375946; 
Wave[81] = -0.2388134; 
Wave[82] = -0.23597717; 
Wave[83] = -0.22911644; 
Wave[84] = -0.22797394; 
Wave[85] = -0.22622108; 
Wave[86] = -0.22336197; 
Wave[87] = -0.21989441; 
Wave[88] = -0.21629333; 
Wave[89] = -0.21112442; 
Wave[90] = -0.20582199; 
Wave[91] = -0.20432281; 
Wave[92] = -0.19879913; 
Wave[93] = -0.19610214; 
Wave[94] = -0.19132996; 
Wave[95] = -0.18645859; 
Wave[96] = -0.17953491; 
Wave[97] = -0.17641449; 
Wave[98] = -0.17124176; 
Wave[99] = -0.1689148; 
Wave[100] = -0.16257477; 
Wave[101] = -0.15616417; 
Wave[102] = -0.15356064; 
Wave[103] = -0.1479435; 
Wave[104] = -0.14030457; 
Wave[105] = -0.13746452; 
Wave[106] = -0.13260269; 
Wave[107] = -0.1247406; 
Wave[108] = -0.12071991; 
Wave[109] = -0.11663246; 
Wave[110] = -0.11053848; 
Wave[111] = -0.10438156; 
Wave[112] = -0.09623718; 
Wave[113] = -0.09045982; 
Wave[114] = -0.085624695; 
Wave[115] = -0.08221817; 
Wave[116] = -0.07485962; 
Wave[117] = -0.07039642; 
Wave[118] = -0.06492996; 
Wave[119] = -0.057476044; 
Wave[120] = -0.04902649; 
Wave[121] = -0.044467926; 
Wave[122] = -0.037937164; 
Wave[123] = -0.03138542; 
Wave[124] = -0.026786804; 
Wave[125] = -0.01924324; 
Wave[126] = -0.015621185; 
Wave[127] = -0.008077621; 
Selected.WaveTable.set( 1 , Wave ); 

?> 
