#defaults=no 
#cm=OSC 
Wave=2 
<? 

float Wave[ 128 ]; 
Wave[0] = 0.0; 
Wave[1] = 0.0077819824; 
Wave[2] = 0.0100364685; 
Wave[3] = 0.015295029; 
Wave[4] = 0.024589539; 
Wave[5] = 0.029730797; 
Wave[6] = 0.034784317; 
Wave[7] = 0.040014267; 
Wave[8] = 0.045196533; 
Wave[9] = 0.0503664; 
Wave[10] = 0.055610657; 
Wave[11] = 0.0606575; 
Wave[12] = 0.06573868; 
Wave[13] = 0.07095623; 
Wave[14] = 0.07610321; 
Wave[15] = 0.081139565; 
Wave[16] = 0.08618164; 
Wave[17] = 0.091465; 
Wave[18] = 0.09654808; 
Wave[19] = 0.10158062; 
Wave[20] = 0.106651306; 
Wave[21] = 0.11166954; 
Wave[22] = 0.116716385; 
Wave[23] = 0.11767197; 
Wave[24] = 0.12258911; 
Wave[25] = 0.12755585; 
Wave[26] = 0.1326065; 
Wave[27] = 0.13761997; 
Wave[28] = 0.14255524; 
Wave[29] = 0.14759731; 
Wave[30] = 0.15241814; 
Wave[31] = 0.15724087; 
Wave[32] = 0.16226196; 
Wave[33] = 0.1710453; 
Wave[34] = 0.17586327; 
Wave[35] = 0.18064976; 
Wave[36] = 0.1855812; 
Wave[37] = 0.19039631; 
Wave[38] = 0.1952362; 
Wave[39] = 0.1992979; 
Wave[40] = 0.20091248; 
Wave[41] = 0.20576286; 
Wave[42] = 0.21040916; 
Wave[43] = 0.21510887; 
Wave[44] = 0.21997833; 
Wave[45] = 0.22846699; 
Wave[46] = 0.23338509; 
Wave[47] = 0.23810959; 
Wave[48] = 0.24224854; 
Wave[49] = 0.24604988; 
Wave[50] = 0.24812889; 
Wave[51] = 0.2520914; 
Wave[52] = 0.25856018; 
Wave[53] = 0.26383305; 
Wave[54] = 0.26891327; 
Wave[55] = 0.2717991; 
Wave[56] = 0.27738953; 
Wave[57] = 0.2821989; 
Wave[58] = 0.28985214; 
Wave[59] = 0.29050636; 
Wave[60] = 0.29471207; 
Wave[61] = 0.30351925; 
Wave[62] = 0.3039055; 
Wave[63] = 0.29880714; 
Wave[64] = 0.34239197; 
Wave[65] = -0.032190323; 
Wave[66] = -0.32714272; 
Wave[67] = -0.34187412; 
Wave[68] = -0.32526398; 
Wave[69] = -0.325387; 
Wave[70] = -0.3241787; 
Wave[71] = -0.313138; 
Wave[72] = -0.30841064; 
Wave[73] = -0.30550575; 
Wave[74] = -0.29698372; 
Wave[75] = -0.2912159; 
Wave[76] = -0.28501892; 
Wave[77] = -0.28121567; 
Wave[78] = -0.27493858; 
Wave[79] = -0.26960087; 
Wave[80] = -0.26078796; 
Wave[81] = -0.25566483; 
Wave[82] = -0.24988937; 
Wave[83] = -0.24765491; 
Wave[84] = -0.2425499; 
Wave[85] = -0.2369566; 
Wave[86] = -0.23158264; 
Wave[87] = -0.22528076; 
Wave[88] = -0.2164383; 
Wave[89] = -0.21085644; 
Wave[90] = -0.20542336; 
Wave[91] = -0.19988918; 
Wave[92] = -0.1944046; 
Wave[93] = -0.19279957; 
Wave[94] = -0.18715477; 
Wave[95] = -0.18164062; 
Wave[96] = -0.17607117; 
Wave[97] = -0.16950512; 
Wave[98] = -0.16133308; 
Wave[99] = -0.1557684; 
Wave[100] = -0.15032196; 
Wave[101] = -0.14477158; 
Wave[102] = -0.14251518; 
Wave[103] = -0.13777351; 
Wave[104] = -0.13238525; 
Wave[105] = -0.1269474; 
Wave[106] = -0.12144661; 
Wave[107] = -0.11595249; 
Wave[108] = -0.110507965; 
Wave[109] = -0.10122681; 
Wave[110] = -0.09580231; 
Wave[111] = -0.09041405; 
Wave[112] = -0.08502197; 
Wave[113] = -0.0794878; 
Wave[114] = -0.07411766; 
Wave[115] = -0.06871033; 
Wave[116] = -0.06723404; 
Wave[117] = -0.062132835; 
Wave[118] = -0.05666542; 
Wave[119] = -0.051314354; 
Wave[120] = -0.045959473; 
Wave[121] = -0.040691376; 
Wave[122] = -0.035360336; 
Wave[123] = -0.030086517; 
Wave[124] = -0.02475357; 
Wave[125] = -0.019314766; 
Wave[126] = -0.01023674; 
Wave[127] = -0.00491333; 
Selected.WaveTable.set( 1 , Wave ); 

?> 
