#defaults=no 
#cm=OSC 
Wave=2 
<? 

float Wave[ 128 ]; 
Wave[0] = -0.0017089844; 
Wave[1] = 0.0058898926; 
Wave[2] = 0.011501312; 
Wave[3] = 0.014116287; 
Wave[4] = 0.020591736; 
Wave[5] = 0.024084091; 
Wave[6] = 0.031406403; 
Wave[7] = 0.03576088; 
Wave[8] = 0.038085938; 
Wave[9] = 0.045238495; 
Wave[10] = 0.051338196; 
Wave[11] = 0.055419922; 
Wave[12] = 0.05846405; 
Wave[13] = 0.060956955; 
Wave[14] = 0.06631088; 
Wave[15] = 0.07109642; 
Wave[16] = 0.07388306; 
Wave[17] = 0.08046532; 
Wave[18] = 0.08308792; 
Wave[19] = 0.08953285; 
Wave[20] = 0.0920105; 
Wave[21] = 0.09440613; 
Wave[22] = 0.10064316; 
Wave[23] = 0.10287666; 
Wave[24] = 0.105026245; 
Wave[25] = 0.10858154; 
Wave[26] = 0.11206436; 
Wave[27] = 0.11594391; 
Wave[28] = 0.12071991; 
Wave[29] = 0.12542534; 
Wave[30] = 0.12807465; 
Wave[31] = 0.12970161; 
Wave[32] = 0.1312561; 
Wave[33] = 0.13806725; 
Wave[34] = 0.14093399; 
Wave[35] = 0.1397934; 
Wave[36] = 0.14443207; 
Wave[37] = 0.14899063; 
Wave[38] = 0.14764023; 
Wave[39] = 0.152565; 
Wave[40] = 0.15641785; 
Wave[41] = 0.15628052; 
Wave[42] = 0.16099167; 
Wave[43] = 0.15925789; 
Wave[44] = 0.16526031; 
Wave[45] = 0.16339111; 
Wave[46] = 0.1692543; 
Wave[47] = 0.16724014; 
Wave[48] = 0.17297363; 
Wave[49] = 0.17082024; 
Wave[50] = 0.17642593; 
Wave[51] = 0.17463493; 
Wave[52] = 0.17765808; 
Wave[53] = 0.18111801; 
Wave[54] = 0.17866516; 
Wave[55] = 0.18395615; 
Wave[56] = 0.18527222; 
Wave[57] = 0.18262291; 
Wave[58] = 0.18774033; 
Wave[59] = 0.18886948; 
Wave[60] = 0.18608093; 
Wave[61] = 0.18712044; 
Wave[62] = 0.19201279; 
Wave[63] = 0.19293594; 
Wave[64] = 0.18991089; 
Wave[65] = 0.1907425; 
Wave[66] = 0.19543076; 
Wave[67] = 0.19615173; 
Wave[68] = 0.1968689; 
Wave[69] = 0.19357681; 
Wave[70] = 0.19400024; 
Wave[71] = 0.009983063; 
Wave[72] = -0.32546997; 
Wave[73] = -0.31677818; 
Wave[74] = -0.3108635; 
Wave[75] = -0.3115654; 
Wave[76] = -0.3042984; 
Wave[77] = -0.29748917; 
Wave[78] = -0.28905487; 
Wave[79] = -0.28625107; 
Wave[80] = -0.2813568; 
Wave[81] = -0.27052498; 
Wave[82] = -0.26442719; 
Wave[83] = -0.2630024; 
Wave[84] = -0.2570114; 
Wave[85] = -0.2501011; 
Wave[86] = -0.24258423; 
Wave[87] = -0.23556328; 
Wave[88] = -0.2290039; 
Wave[89] = -0.22763062; 
Wave[90] = -0.21889877; 
Wave[91] = -0.21493149; 
Wave[92] = -0.20781708; 
Wave[93] = -0.20360756; 
Wave[94] = -0.19784164; 
Wave[95] = -0.19052887; 
Wave[96] = -0.18244934; 
Wave[97] = -0.17629242; 
Wave[98] = -0.17133331; 
Wave[99] = -0.16805458; 
Wave[100] = -0.16056824; 
Wave[101] = -0.15605736; 
Wave[102] = -0.1498146; 
Wave[103] = -0.14340782; 
Wave[104] = -0.13497925; 
Wave[105] = -0.13067627; 
Wave[106] = -0.12433243; 
Wave[107] = -0.1174202; 
Wave[108] = -0.1135788; 
Wave[109] = -0.10926819; 
Wave[110] = -0.10387802; 
Wave[111] = -0.09664726; 
Wave[112] = -0.08847046; 
Wave[113] = -0.082689285; 
Wave[114] = -0.07793045; 
Wave[115] = -0.074697495; 
Wave[116] = -0.06755066; 
Wave[117] = -0.063337326; 
Wave[118] = -0.055301666; 
Wave[119] = -0.050188065; 
Wave[120] = -0.047058105; 
Wave[121] = -0.04006958; 
Wave[122] = -0.035057068; 
Wave[123] = -0.027162552; 
Wave[124] = -0.023208618; 
Wave[125] = -0.019334793; 
Wave[126] = -0.0115356445; 
Wave[127] = -0.0067367554; 
Selected.WaveTable.set( 1 , Wave ); 

?> 
