#defaults=no 
#cm=OSC 
Wave=2 
<? 

float Wave[ 128 ]; 
Wave[0] = 0.100372314; 
Wave[1] = 0.29339027; 
Wave[2] = 0.29372025; 
Wave[3] = 0.29740906; 
Wave[4] = 0.29093933; 
Wave[5] = 0.28933716; 
Wave[6] = 0.28155136; 
Wave[7] = 0.28116798; 
Wave[8] = 0.27731323; 
Wave[9] = 0.27642822; 
Wave[10] = 0.27014542; 
Wave[11] = 0.26802826; 
Wave[12] = 0.26569366; 
Wave[13] = 0.2600975; 
Wave[14] = 0.26208878; 
Wave[15] = 0.25509453; 
Wave[16] = 0.25531006; 
Wave[17] = 0.24927711; 
Wave[18] = 0.24951935; 
Wave[19] = 0.24662781; 
Wave[20] = 0.24075317; 
Wave[21] = 0.24169731; 
Wave[22] = 0.23809814; 
Wave[23] = 0.2340107; 
Wave[24] = 0.23020935; 
Wave[25] = 0.23118591; 
Wave[26] = 0.2256012; 
Wave[27] = 0.22274971; 
Wave[28] = 0.22348785; 
Wave[29] = 0.21743011; 
Wave[30] = 0.21559143; 
Wave[31] = 0.21600151; 
Wave[32] = 0.20951843; 
Wave[33] = 0.2086792; 
Wave[34] = 0.20580292; 
Wave[35] = 0.20284271; 
Wave[36] = 0.2039566; 
Wave[37] = 0.19825363; 
Wave[38] = 0.1963501; 
Wave[39] = 0.19456291; 
Wave[40] = 0.19090271; 
Wave[41] = 0.19251251; 
Wave[42] = 0.18637466; 
Wave[43] = 0.18813133; 
Wave[44] = 0.18397522; 
Wave[45] = 0.18328285; 
Wave[46] = 0.18068695; 
Wave[47] = 0.17808151; 
Wave[48] = 0.1774292; 
Wave[49] = 0.17294884; 
Wave[50] = 0.17335129; 
Wave[51] = 0.16788483; 
Wave[52] = 0.16932678; 
Wave[53] = 0.16341972; 
Wave[54] = 0.16536331; 
Wave[55] = 0.1595211; 
Wave[56] = 0.16149902; 
Wave[57] = 0.15567589; 
Wave[58] = 0.15769196; 
Wave[59] = 0.15242958; 
Wave[60] = 0.15203857; 
Wave[61] = 0.1482315; 
Wave[62] = 0.14936066; 
Wave[63] = 0.1470871; 
Wave[64] = 0.142807; 
Wave[65] = 0.0017223358; 
Wave[66] = -0.3224411; 
Wave[67] = -0.29973793; 
Wave[68] = -0.30236816; 
Wave[69] = -0.29692078; 
Wave[70] = -0.29693604; 
Wave[71] = -0.29461098; 
Wave[72] = -0.29023743; 
Wave[73] = -0.28811646; 
Wave[74] = -0.2829895; 
Wave[75] = -0.2819996; 
Wave[76] = -0.27601624; 
Wave[77] = -0.2777176; 
Wave[78] = -0.26964188; 
Wave[79] = -0.27079964; 
Wave[80] = -0.26483154; 
Wave[81] = -0.26262283; 
Wave[82] = -0.26205444; 
Wave[83] = -0.25592232; 
Wave[84] = -0.25473022; 
Wave[85] = -0.2497139; 
Wave[86] = -0.2513008; 
Wave[87] = -0.24605751; 
Wave[88] = -0.24156189; 
Wave[89] = -0.24310112; 
Wave[90] = -0.23757935; 
Wave[91] = -0.23422813; 
Wave[92] = -0.23519135; 
Wave[93] = -0.22931862; 
Wave[94] = -0.22708511; 
Wave[95] = -0.22754478; 
Wave[96] = -0.22128296; 
Wave[97] = -0.22015381; 
Wave[98] = -0.22013092; 
Wave[99] = -0.21390343; 
Wave[100] = -0.21341705; 
Wave[101] = -0.20952797; 
Wave[102] = -0.20774841; 
Wave[103] = -0.2083435; 
Wave[104] = -0.2020874; 
Wave[105] = -0.20376205; 
Wave[106] = -0.1985817; 
Wave[107] = -0.19583511; 
Wave[108] = -0.1951065; 
Wave[109] = -0.19099236; 
Wave[110] = -0.19270706; 
Wave[111] = -0.18665886; 
Wave[112] = -0.1884613; 
Wave[113] = -0.18242836; 
Wave[114] = -0.1842575; 
Wave[115] = -0.17830276; 
Wave[116] = -0.18016815; 
Wave[117] = -0.17472458; 
Wave[118] = -0.17615509; 
Wave[119] = -0.17172623; 
Wave[120] = -0.17219543; 
Wave[121] = -0.16638184; 
Wave[122] = -0.16738892; 
Wave[123] = -0.16253662; 
Wave[124] = -0.16455841; 
Wave[125] = -0.15929985; 
Wave[126] = -0.16086197; 
Wave[127] = -0.15504646; 
Selected.WaveTable.set( 1 , Wave ); 

?> 
