#defaults=no 
#cm=OSC 
Wave=2 
<? 

float Wave[ 128 ]; 
Wave[0] = 0.0; 
Wave[1] = 0.016935825; 
Wave[2] = 0.03298664; 
Wave[3] = 0.04971659; 
Wave[4] = 0.0683651; 
Wave[5] = 0.08683884; 
Wave[6] = 0.10431051; 
Wave[7] = 0.11917591; 
Wave[8] = 0.13691711; 
Wave[9] = 0.15045226; 
Wave[10] = 0.16623926; 
Wave[11] = 0.18407035; 
Wave[12] = 0.1969099; 
Wave[13] = 0.21294153; 
Wave[14] = 0.22466707; 
Wave[15] = 0.23989642; 
Wave[16] = 0.25519753; 
Wave[17] = 0.26422095; 
Wave[18] = 0.27910662; 
Wave[19] = 0.28890717; 
Wave[20] = 0.304327; 
Wave[21] = 0.3143711; 
Wave[22] = 0.32231712; 
Wave[23] = 0.33258402; 
Wave[24] = 0.34631062; 
Wave[25] = 0.35569537; 
Wave[26] = 0.3607366; 
Wave[27] = 0.3731631; 
Wave[28] = 0.37849474; 
Wave[29] = 0.3889929; 
Wave[30] = 0.39625812; 
Wave[31] = 0.4017322; 
Wave[32] = 0.40683746; 
Wave[33] = 0.41202426; 
Wave[34] = 0.41984844; 
Wave[35] = 0.426625; 
Wave[36] = 0.4330182; 
Wave[37] = 0.441414; 
Wave[38] = 0.42673492; 
Wave[39] = 0.40901184; 
Wave[40] = 0.39544678; 
Wave[41] = 0.37773466; 
Wave[42] = 0.36453795; 
Wave[43] = 0.3498695; 
Wave[44] = 0.33492517; 
Wave[45] = 0.3172251; 
Wave[46] = 0.2995968; 
Wave[47] = 0.2857926; 
Wave[48] = 0.26797104; 
Wave[49] = 0.25385642; 
Wave[50] = 0.23567224; 
Wave[51] = 0.21732914; 
Wave[52] = 0.19956446; 
Wave[53] = 0.18371654; 
Wave[54] = 0.16776395; 
Wave[55] = 0.15092707; 
Wave[56] = 0.13108921; 
Wave[57] = 0.1116637; 
Wave[58] = 0.095050335; 
Wave[59] = 0.07992315; 
Wave[60] = 0.058104515; 
Wave[61] = 0.041740417; 
Wave[62] = 0.026191235; 
Wave[63] = 0.004424572; 
Wave[64] = -0.011352539; 
Wave[65] = -0.027607799; 
Wave[66] = -0.045575142; 
Wave[67] = -0.064421535; 
Wave[68] = -0.08308792; 
Wave[69] = -0.098900914; 
Wave[70] = -0.116974115; 
Wave[71] = -0.13319659; 
Wave[72] = -0.14745426; 
Wave[73] = -0.16477633; 
Wave[74] = -0.17779541; 
Wave[75] = -0.19407666; 
Wave[76] = -0.20739508; 
Wave[77] = -0.2241894; 
Wave[78] = -0.23665023; 
Wave[79] = -0.24872446; 
Wave[80] = -0.2655716; 
Wave[81] = -0.27517533; 
Wave[82] = -0.2900977; 
Wave[83] = -0.29772353; 
Wave[84] = -0.30873966; 
Wave[85] = -0.31923234; 
Wave[86] = -0.32924032; 
Wave[87] = -0.33872092; 
Wave[88] = -0.35155582; 
Wave[89] = -0.35605443; 
Wave[90] = -0.36787271; 
Wave[91] = -0.37356758; 
Wave[92] = -0.37893152; 
Wave[93] = -0.38764775; 
Wave[94] = -0.39185166; 
Wave[95] = -0.39842772; 
Wave[96] = -0.40221024; 
Wave[97] = -0.4066975; 
Wave[98] = -0.40531373; 
Wave[99] = -0.41034222; 
Wave[100] = -0.4055586; 
Wave[101] = -0.40243828; 
Wave[102] = -0.39900422; 
Wave[103] = -0.38918293; 
Wave[104] = -0.37928963; 
Wave[105] = -0.36802793; 
Wave[106] = -0.35942316; 
Wave[107] = -0.34564364; 
Wave[108] = -0.33069515; 
Wave[109] = -0.31547856; 
Wave[110] = -0.30335093; 
Wave[111] = -0.28712738; 
Wave[112] = -0.27446747; 
Wave[113] = -0.2575221; 
Wave[114] = -0.2404027; 
Wave[115] = -0.22381711; 
Wave[116] = -0.20910406; 
Wave[117] = -0.19112778; 
Wave[118] = -0.17681575; 
Wave[119] = -0.1584351; 
Wave[120] = -0.14036083; 
Wave[121] = -0.12448859; 
Wave[122] = -0.108508825; 
Wave[123] = -0.091133595; 
Wave[124] = -0.07210922; 
Wave[125] = -0.052585006; 
Wave[126] = -0.038782835; 
Wave[127] = -0.021099925; 
Selected.WaveTable.set( 1 , Wave ); 

?> 
