#defaults=no 
#cm=OSC 
Wave=2 
<? 

float Wave[ 128 ]; 
Wave[0] = 0.06338501; 
Wave[1] = 0.37474942; 
Wave[2] = 0.36991692; 
Wave[3] = 0.37043953; 
Wave[4] = 0.3673978; 
Wave[5] = 0.36477864; 
Wave[6] = 0.36013317; 
Wave[7] = 0.3548684; 
Wave[8] = 0.3512888; 
Wave[9] = 0.35229063; 
Wave[10] = 0.3480358; 
Wave[11] = 0.34236848; 
Wave[12] = 0.3389187; 
Wave[13] = 0.33762658; 
Wave[14] = 0.33653522; 
Wave[15] = 0.3337996; 
Wave[16] = 0.326622; 
Wave[17] = 0.32361877; 
Wave[18] = 0.32062364; 
Wave[19] = 0.32150364; 
Wave[20] = 0.31628084; 
Wave[21] = 0.31166518; 
Wave[22] = 0.30827332; 
Wave[23] = 0.30955255; 
Wave[24] = 0.304821; 
Wave[25] = 0.30004406; 
Wave[26] = 0.29666138; 
Wave[27] = 0.29796398; 
Wave[28] = 0.2935691; 
Wave[29] = 0.29262865; 
Wave[30] = 0.28914285; 
Wave[31] = 0.28505433; 
Wave[32] = 0.1914978; 
Wave[33] = -0.17161107; 
Wave[34] = -0.1720581; 
Wave[35] = -0.16675186; 
Wave[36] = -0.16866541; 
Wave[37] = -0.16363108; 
Wave[38] = -0.16577244; 
Wave[39] = -0.16429615; 
Wave[40] = -0.15855408; 
Wave[41] = -0.16117442; 
Wave[42] = -0.1556778; 
Wave[43] = -0.1581726; 
Wave[44] = -0.15649033; 
Wave[45] = -0.15122712; 
Wave[46] = -0.15361786; 
Wave[47] = -0.14839172; 
Wave[48] = -0.14681435; 
Wave[49] = -0.14932585; 
Wave[50] = -0.14396954; 
Wave[51] = -0.1426611; 
Wave[52] = -0.14513254; 
Wave[53] = -0.13987827; 
Wave[54] = -0.14145851; 
Wave[55] = -0.14111602; 
Wave[56] = -0.13581944; 
Wave[57] = -0.13846302; 
Wave[58] = -0.13710594; 
Wave[59] = -0.13194084; 
Wave[60] = -0.13457155; 
Wave[61] = -0.13332462; 
Wave[62] = -0.12809658; 
Wave[63] = -0.13077211; 
Wave[64] = -0.12955475; 
Wave[65] = -0.12447834; 
Wave[66] = -0.12343216; 
Wave[67] = -0.12593317; 
Wave[68] = -0.120830536; 
Wave[69] = -0.119706154; 
Wave[70] = -0.12244797; 
Wave[71] = -0.12125683; 
Wave[72] = -0.116209984; 
Wave[73] = -0.11887312; 
Wave[74] = -0.11792016; 
Wave[75] = -0.11289883; 
Wave[76] = -0.11177826; 
Wave[77] = -0.11456823; 
Wave[78] = -0.11355758; 
Wave[79] = -0.108569145; 
Wave[80] = -0.10749817; 
Wave[81] = -0.11036396; 
Wave[82] = -0.10769391; 
Wave[83] = -0.10441196; 
Wave[84] = -0.10718298; 
Wave[85] = -0.10627842; 
Wave[86] = -0.1014061; 
Wave[87] = -0.1004591; 
Wave[88] = -0.10333538; 
Wave[89] = -0.102375984; 
Wave[90] = -0.09749222; 
Wave[91] = -0.09656203; 
Wave[92] = -0.09954071; 
Wave[93] = -0.098621845; 
Wave[94] = -0.09493637; 
Wave[95] = -0.092838764; 
Wave[96] = -0.092941284; 
Wave[97] = -0.094976544; 
Wave[98] = -0.09412289; 
Wave[99] = -0.08925855; 
Wave[100] = -0.08846712; 
Wave[101] = -0.09150922; 
Wave[102] = -0.090641975; 
Wave[103] = -0.08584869; 
Wave[104] = -0.085041046; 
Wave[105] = -0.084272265; 
Wave[106] = -0.087358475; 
Wave[107] = -0.08648682; 
Wave[108] = -0.08180809; 
Wave[109] = -0.081002235; 
Wave[110] = -0.08059311; 
Wave[111] = -0.08332825; 
Wave[112] = -0.08256531; 
Wave[113] = -0.077913165; 
Wave[114] = -0.077207565; 
Wave[115] = -0.0763737; 
Wave[116] = -0.07956505; 
Wave[117] = -0.07876837; 
Wave[118] = -0.077171326; 
Wave[119] = -0.073521614; 
Wave[120] = -0.07279205; 
Wave[121] = -0.0757848; 
Wave[122] = -0.075391054; 
Wave[123] = -0.074608326; 
Wave[124] = -0.07026291; 
Wave[125] = -0.068917155; 
Wave[126] = -0.07049346; 
Wave[127] = -0.07162511; 
Selected.WaveTable.set( 1 , Wave ); 

?> 
