#defaults=no 
#cm=OSC 
Wave=2 
<? 

float Wave[ 128 ]; 
Wave[0] = -0.0030975342; 
Wave[1] = -0.0072312355; 
Wave[2] = -0.013638496; 
Wave[3] = -0.018828869; 
Wave[4] = -0.02366066; 
Wave[5] = -0.027671814; 
Wave[6] = -0.030535698; 
Wave[7] = -0.03548765; 
Wave[8] = -0.039707184; 
Wave[9] = -0.043533802; 
Wave[10] = -0.046723366; 
Wave[11] = -0.051229; 
Wave[12] = -0.05510521; 
Wave[13] = -0.057518482; 
Wave[14] = -0.06240368; 
Wave[15] = -0.06318045; 
Wave[16] = -0.06602478; 
Wave[17] = -0.06964159; 
Wave[18] = -0.07329273; 
Wave[19] = -0.076770306; 
Wave[20] = -0.08175087; 
Wave[21] = -0.08766985; 
Wave[22] = -0.091171265; 
Wave[23] = -0.09452772; 
Wave[24] = -0.09693909; 
Wave[25] = -0.097435474; 
Wave[26] = -0.100667; 
Wave[27] = -0.1039691; 
Wave[28] = -0.111166; 
Wave[29] = -0.114283085; 
Wave[30] = -0.11755371; 
Wave[31] = -0.116797924; 
Wave[32] = -0.11994934; 
Wave[33] = -0.1257596; 
Wave[34] = -0.12997437; 
Wave[35] = -0.13240623; 
Wave[36] = -0.13217926; 
Wave[37] = -0.13734293; 
Wave[38] = -0.14191055; 
Wave[39] = -0.14469719; 
Wave[40] = -0.14389038; 
Wave[41] = -0.14849901; 
Wave[42] = -0.15344238; 
Wave[43] = -0.1526618; 
Wave[44] = -0.15514374; 
Wave[45] = -0.16174126; 
Wave[46] = -0.1642456; 
Wave[47] = -0.16319036; 
Wave[48] = -0.1678772; 
Wave[49] = -0.17251968; 
Wave[50] = -0.17120075; 
Wave[51] = -0.17629242; 
Wave[52] = -0.18022919; 
Wave[53] = -0.1789422; 
Wave[54] = -0.18459606; 
Wave[55] = -0.18574286; 
Wave[56] = -0.18629456; 
Wave[57] = -0.19279099; 
Wave[58] = -0.19250584; 
Wave[59] = -0.19526434; 
Wave[60] = -0.19979095; 
Wave[61] = -0.1983819; 
Wave[62] = -0.20460892; 
Wave[63] = -0.20593786; 
Wave[64] = -0.20892334; 
Wave[65] = -0.21140528; 
Wave[66] = -0.20963287; 
Wave[67] = -0.21576405; 
Wave[68] = -0.21382523; 
Wave[69] = -0.21870613; 
Wave[70] = -0.11542988; 
Wave[71] = 0.32457304; 
Wave[72] = 0.31170273; 
Wave[73] = 0.308815; 
Wave[74] = 0.29733372; 
Wave[75] = 0.29137897; 
Wave[76] = 0.28513527; 
Wave[77] = 0.27821112; 
Wave[78] = 0.26983452; 
Wave[79] = 0.26700878; 
Wave[80] = 0.25816345; 
Wave[81] = 0.25044823; 
Wave[82] = 0.24625301; 
Wave[83] = 0.23755503; 
Wave[84] = 0.23104668; 
Wave[85] = 0.22713232; 
Wave[86] = 0.22047138; 
Wave[87] = 0.2103033; 
Wave[88] = 0.20778656; 
Wave[89] = 0.1979537; 
Wave[90] = 0.19414425; 
Wave[91] = 0.18767786; 
Wave[92] = 0.1796608; 
Wave[93] = 0.17723227; 
Wave[94] = 0.16724205; 
Wave[95] = 0.16420412; 
Wave[96] = 0.15541077; 
Wave[97] = 0.15362883; 
Wave[98] = 0.14392757; 
Wave[99] = 0.14160395; 
Wave[100] = 0.13250732; 
Wave[101] = 0.12864256; 
Wave[102] = 0.1253748; 
Wave[103] = 0.11607218; 
Wave[104] = 0.11445236; 
Wave[105] = 0.10703564; 
Wave[106] = 0.09990215; 
Wave[107] = 0.098232746; 
Wave[108] = 0.08939552; 
Wave[109] = 0.08680296; 
Wave[110] = 0.08276844; 
Wave[111] = 0.07714367; 
Wave[112] = 0.06903839; 
Wave[113] = 0.06709623; 
Wave[114] = 0.06278515; 
Wave[115] = 0.054279804; 
Wave[116] = 0.04941559; 
Wave[117] = 0.0481925; 
Wave[118] = 0.04379654; 
Wave[119] = 0.037308693; 
Wave[120] = 0.030628204; 
Wave[121] = 0.026170254; 
Wave[122] = 0.022654533; 
Wave[123] = 0.020819187; 
Wave[124] = 0.016366959; 
Wave[125] = 0.011405468; 
Wave[126] = 0.005870819; 
Wave[127] = 0.0; 
Selected.WaveTable.set( 1 , Wave ); 

?> 
