#defaults=no 
#cm=OSC 
Wave=2 
<? 

float Wave[ 128 ]; 
Wave[0] = -0.003189087; 
Wave[1] = -0.0033288002; 
Wave[2] = -0.0034427643; 
Wave[3] = -0.0034413338; 
Wave[4] = -0.0034942627; 
Wave[5] = -0.0034942627; 
Wave[6] = -0.0034942627; 
Wave[7] = -0.0034942627; 
Wave[8] = -0.0034942627; 
Wave[9] = -0.0034942627; 
Wave[10] = -0.0034942627; 
Wave[11] = -0.0034942627; 
Wave[12] = -0.0034942627; 
Wave[13] = -0.0034942627; 
Wave[14] = -0.0034942627; 
Wave[15] = -0.0034942627; 
Wave[16] = -0.0034942627; 
Wave[17] = -0.0034942627; 
Wave[18] = -0.0034942627; 
Wave[19] = -0.0034942627; 
Wave[20] = -0.0034942627; 
Wave[21] = -0.0034942627; 
Wave[22] = -0.0034942627; 
Wave[23] = -0.0034942627; 
Wave[24] = -0.0034942627; 
Wave[25] = -0.0034942627; 
Wave[26] = -0.0034942627; 
Wave[27] = -0.0034942627; 
Wave[28] = -0.0034942627; 
Wave[29] = -0.0034942627; 
Wave[30] = -0.0034942627; 
Wave[31] = -0.0034942627; 
Wave[32] = -0.0034942627; 
Wave[33] = -0.0034942627; 
Wave[34] = -0.0034942627; 
Wave[35] = -0.0034942627; 
Wave[36] = -0.0034942627; 
Wave[37] = -0.0034942627; 
Wave[38] = -0.0034942627; 
Wave[39] = -0.0034942627; 
Wave[40] = -0.0034942627; 
Wave[41] = -0.0034942627; 
Wave[42] = -0.0034942627; 
Wave[43] = -0.0034942627; 
Wave[44] = -0.007047653; 
Wave[45] = -0.01985073; 
Wave[46] = -0.12959099; 
Wave[47] = -0.2786932; 
Wave[48] = -0.3689232; 
Wave[49] = -0.4165815; 
Wave[50] = -0.4400046; 
Wave[51] = -0.4514779; 
Wave[52] = -0.4542117; 
Wave[53] = -0.4252106; 
Wave[54] = -0.24665093; 
Wave[55] = 0.07721031; 
Wave[56] = 0.26087284; 
Wave[57] = 0.35936832; 
Wave[58] = 0.40646577; 
Wave[59] = 0.4332223; 
Wave[60] = 0.44008303; 
Wave[61] = 0.4278407; 
Wave[62] = 0.2954471; 
Wave[63] = -0.0249269; 
Wave[64] = -0.24652863; 
Wave[65] = -0.35815573; 
Wave[66] = -0.40998006; 
Wave[67] = -0.43451893; 
Wave[68] = -0.44804192; 
Wave[69] = -0.45035505; 
Wave[70] = -0.33507323; 
Wave[71] = -0.041532278; 
Wave[72] = 0.21412563; 
Wave[73] = 0.331437; 
Wave[74] = 0.39868474; 
Wave[75] = 0.42438352; 
Wave[76] = 0.43674898; 
Wave[77] = 0.44415295; 
Wave[78] = 0.4061854; 
Wave[79] = 0.2785567; 
Wave[80] = 0.13387299; 
Wave[81] = 0.07024944; 
Wave[82] = 0.028215647; 
Wave[83] = 0.009880066; 
Wave[84] = 0.0031628609; 
Wave[85] = 0.002521038; 
Wave[86] = 0.0013933182; 
Wave[87] = 0.0; 
Wave[88] = -0.0014667511; 
Wave[89] = -0.0010168552; 
Wave[90] = 0.0; 
Wave[91] = 0.0; 
Wave[92] = -0.0023584366; 
Wave[93] = 0.0; 
Wave[94] = -0.0033249855; 
Wave[95] = -0.0017898083; 
Wave[96] = 0.0; 
Wave[97] = -0.0038802624; 
Wave[98] = -0.0012145042; 
Wave[99] = -0.0014774799; 
Wave[100] = -0.003602028; 
Wave[101] = 0.0; 
Wave[102] = -0.0020165443; 
Wave[103] = -0.0030157566; 
Wave[104] = 0.0; 
Wave[105] = -0.002537489; 
Wave[106] = -0.002506733; 
Wave[107] = 0.0; 
Wave[108] = 0.0; 
Wave[109] = 0.0; 
Wave[110] = 0.0; 
Wave[111] = 0.0; 
Wave[112] = 0.0; 
Wave[113] = 0.0; 
Wave[114] = 0.0; 
Wave[115] = 0.0; 
Wave[116] = 0.0; 
Wave[117] = 0.0; 
Wave[118] = 0.0; 
Wave[119] = 0.0; 
Wave[120] = 0.0; 
Wave[121] = 0.0; 
Wave[122] = 0.0; 
Wave[123] = 0.0; 
Wave[124] = 0.0; 
Wave[125] = 0.0; 
Wave[126] = 0.0; 
Wave[127] = -0.0030049086; 
Selected.WaveTable.set( 1 , Wave ); 

?> 
