#defaults=no 
#cm=OSC 
Wave=2 
<? 

float Wave[ 128 ]; 
Wave[0] = -0.0057525635; 
Wave[1] = -0.01051867; 
Wave[2] = -0.015396595; 
Wave[3] = -0.024216533; 
Wave[4] = -0.02889347; 
Wave[5] = -0.036233187; 
Wave[6] = -0.042268515; 
Wave[7] = -0.047623277; 
Wave[8] = -0.055401802; 
Wave[9] = -0.06187427; 
Wave[10] = -0.06667352; 
Wave[11] = -0.07415569; 
Wave[12] = -0.077937126; 
Wave[13] = -0.08579564; 
Wave[14] = -0.08959842; 
Wave[15] = -0.097188115; 
Wave[16] = -0.10183716; 
Wave[17] = -0.10843229; 
Wave[18] = -0.11369276; 
Wave[19] = -0.12023044; 
Wave[20] = -0.12624836; 
Wave[21] = -0.13352025; 
Wave[22] = -0.13859153; 
Wave[23] = -0.14685714; 
Wave[24] = -0.15189075; 
Wave[25] = -0.16051888; 
Wave[26] = -0.16526318; 
Wave[27] = -0.17325401; 
Wave[28] = -0.17852211; 
Wave[29] = -0.18442857; 
Wave[30] = -0.19223857; 
Wave[31] = -0.19844353; 
Wave[32] = -0.20361328; 
Wave[33] = -0.20721626; 
Wave[34] = -0.21483517; 
Wave[35] = -0.22271287; 
Wave[36] = -0.22642612; 
Wave[37] = -0.23402417; 
Wave[38] = -0.23802233; 
Wave[39] = -0.24520433; 
Wave[40] = -0.2513504; 
Wave[41] = -0.25667; 
Wave[42] = -0.26275182; 
Wave[43] = -0.26971924; 
Wave[44] = -0.27821875; 
Wave[45] = -0.28295624; 
Wave[46] = -0.2879138; 
Wave[47] = -0.2966497; 
Wave[48] = -0.30130768; 
Wave[49] = -0.3097123; 
Wave[50] = -0.3160069; 
Wave[51] = -0.32123804; 
Wave[52] = -0.3282447; 
Wave[53] = -0.33260655; 
Wave[54] = -0.34002805; 
Wave[55] = -0.34391844; 
Wave[56] = -0.35135365; 
Wave[57] = -0.35532165; 
Wave[58] = -0.36298466; 
Wave[59] = -0.37051415; 
Wave[60] = -0.37410402; 
Wave[61] = -0.38221073; 
Wave[62] = -0.38838983; 
Wave[63] = -0.39214098; 
Wave[64] = 0.18953705; 
Wave[65] = 0.37526274; 
Wave[66] = 0.38334322; 
Wave[67] = 0.37501955; 
Wave[68] = 0.36716557; 
Wave[69] = 0.36333442; 
Wave[70] = 0.35575938; 
Wave[71] = 0.35247934; 
Wave[72] = 0.34639454; 
Wave[73] = 0.3393513; 
Wave[74] = 0.33314443; 
Wave[75] = 0.32590795; 
Wave[76] = 0.3213067; 
Wave[77] = 0.3126017; 
Wave[78] = 0.30785418; 
Wave[79] = 0.29911923; 
Wave[80] = 0.29429245; 
Wave[81] = 0.28669453; 
Wave[82] = 0.28096962; 
Wave[83] = 0.27448976; 
Wave[84] = 0.26888847; 
Wave[85] = 0.26181376; 
Wave[86] = 0.25732088; 
Wave[87] = 0.24984872; 
Wave[88] = 0.2461443; 
Wave[89] = 0.23850262; 
Wave[90] = 0.23456359; 
Wave[91] = 0.22702718; 
Wave[92] = 0.22249699; 
Wave[93] = 0.21574473; 
Wave[94] = 0.20830154; 
Wave[95] = 0.20343041; 
Wave[96] = 0.19758224; 
Wave[97] = 0.18990934; 
Wave[98] = 0.18523645; 
Wave[99] = 0.17667127; 
Wave[100] = 0.17189121; 
Wave[101] = 0.16294742; 
Wave[102] = 0.1582179; 
Wave[103] = 0.15036237; 
Wave[104] = 0.14488888; 
Wave[105] = 0.13978708; 
Wave[106] = 0.1319716; 
Wave[107] = 0.12541509; 
Wave[108] = 0.12059593; 
Wave[109] = 0.11304963; 
Wave[110] = 0.10938406; 
Wave[111] = 0.10175729; 
Wave[112] = 0.0977726; 
Wave[113] = 0.09013784; 
Wave[114] = 0.08533645; 
Wave[115] = 0.078912735; 
Wave[116] = 0.073617935; 
Wave[117] = 0.06699991; 
Wave[118] = 0.06095147; 
Wave[119] = 0.05367565; 
Wave[120] = 0.048713684; 
Wave[121] = 0.040290236; 
Wave[122] = 0.03552413; 
Wave[123] = 0.026666403; 
Wave[124] = 0.021901608; 
Wave[125] = 0.013622522; 
Wave[126] = 0.008540392; 
Wave[127] = 0.0014331341; 
Selected.WaveTable.set( 1 , Wave ); 

?> 
