#defaults=no 
#cm=OSC 
Wave=2 
<? 

float Wave[ 128 ]; 
Wave[0] = 0.010147095; 
Wave[1] = 0.32039154; 
Wave[2] = 0.38327837; 
Wave[3] = 0.3852775; 
Wave[4] = 0.37950993; 
Wave[5] = 0.3762703; 
Wave[6] = 0.3712077; 
Wave[7] = 0.36272275; 
Wave[8] = 0.3583765; 
Wave[9] = 0.3545599; 
Wave[10] = 0.34845448; 
Wave[11] = 0.3395064; 
Wave[12] = 0.3338833; 
Wave[13] = 0.3311398; 
Wave[14] = 0.32714677; 
Wave[15] = 0.32056344; 
Wave[16] = 0.31245422; 
Wave[17] = 0.30686474; 
Wave[18] = 0.3046465; 
Wave[19] = 0.29879117; 
Wave[20] = 0.29387426; 
Wave[21] = 0.28933406; 
Wave[22] = 0.2812853; 
Wave[23] = 0.27705407; 
Wave[24] = 0.27261543; 
Wave[25] = 0.2665645; 
Wave[26] = 0.26299858; 
Wave[27] = 0.2573638; 
Wave[28] = 0.25245953; 
Wave[29] = 0.25054038; 
Wave[30] = 0.24526262; 
Wave[31] = 0.2399404; 
Wave[32] = 0.23468399; 
Wave[33] = 0.229429; 
Wave[34] = 0.225451; 
Wave[35] = 0.22178137; 
Wave[36] = 0.21788502; 
Wave[37] = 0.21446562; 
Wave[38] = 0.21113753; 
Wave[39] = 0.20721698; 
Wave[40] = 0.20252419; 
Wave[41] = 0.19805753; 
Wave[42] = 0.1931529; 
Wave[43] = 0.18867469; 
Wave[44] = 0.183959; 
Wave[45] = 0.18348646; 
Wave[46] = 0.17886996; 
Wave[47] = 0.17444754; 
Wave[48] = 0.16998863; 
Wave[49] = 0.16882086; 
Wave[50] = 0.16532755; 
Wave[51] = 0.15149367; 
Wave[52] = 0.006646633; 
Wave[53] = -0.053831697; 
Wave[54] = -0.05750227; 
Wave[55] = -0.05863762; 
Wave[56] = -0.054527283; 
Wave[57] = -0.05423665; 
Wave[58] = -0.05435419; 
Wave[59] = -0.05420828; 
Wave[60] = -0.053933144; 
Wave[61] = -0.05351734; 
Wave[62] = -0.05318165; 
Wave[63] = -0.0529778; 
Wave[64] = -0.056381226; 
Wave[65] = -0.05603218; 
Wave[66] = -0.055648327; 
Wave[67] = -0.055199146; 
Wave[68] = -0.05493927; 
Wave[69] = -0.05051875; 
Wave[70] = -0.049957752; 
Wave[71] = -0.049866676; 
Wave[72] = -0.049871445; 
Wave[73] = -0.0495553; 
Wave[74] = -0.04888916; 
Wave[75] = -0.050719023; 
Wave[76] = -0.05189991; 
Wave[77] = -0.05182624; 
Wave[78] = -0.08776188; 
Wave[79] = -0.24025965; 
Wave[80] = -0.26423645; 
Wave[81] = -0.2666825; 
Wave[82] = -0.26179552; 
Wave[83] = -0.2585802; 
Wave[84] = -0.2544818; 
Wave[85] = -0.24952579; 
Wave[86] = -0.2448039; 
Wave[87] = -0.24292278; 
Wave[88] = -0.23884583; 
Wave[89] = -0.23469794; 
Wave[90] = -0.23054028; 
Wave[91] = -0.22578311; 
Wave[92] = -0.2210598; 
Wave[93] = -0.21650219; 
Wave[94] = -0.21519017; 
Wave[95] = -0.21166086; 
Wave[96] = -0.20713043; 
Wave[97] = -0.20435262; 
Wave[98] = -0.19910288; 
Wave[99] = -0.19599116; 
Wave[100] = -0.18958187; 
Wave[101] = -0.18625355; 
Wave[102] = -0.1836896; 
Wave[103] = -0.18086529; 
Wave[104] = -0.17677116; 
Wave[105] = -0.17239583; 
Wave[106] = -0.17222261; 
Wave[107] = -0.16940975; 
Wave[108] = -0.16372204; 
Wave[109] = -0.15896368; 
Wave[110] = -0.15649891; 
Wave[111] = -0.15664577; 
Wave[112] = -0.15288544; 
Wave[113] = -0.14733768; 
Wave[114] = -0.1451354; 
Wave[115] = -0.14171624; 
Wave[116] = -0.14139366; 
Wave[117] = -0.13858747; 
Wave[118] = -0.13240814; 
Wave[119] = -0.12837756; 
Wave[120] = -0.12976646; 
Wave[121] = -0.12592316; 
Wave[122] = -0.12052345; 
Wave[123] = -0.12117696; 
Wave[124] = -0.11629915; 
Wave[125] = -0.1140759; 
Wave[126] = -0.11067462; 
Wave[127] = -0.106016874; 
Selected.WaveTable.set( 1 , Wave ); 

?> 
