#defaults=no 
#cm=OSC 
Wave=2 
<? 

float Wave[ 128 ]; 
Wave[0] = -0.003967285; 
Wave[1] = -0.002614379; 
Wave[2] = -0.0047154427; 
Wave[3] = -0.009436011; 
Wave[4] = -0.015801907; 
Wave[5] = -0.01935184; 
Wave[6] = -0.022893429; 
Wave[7] = -0.025218368; 
Wave[8] = -0.025984764; 
Wave[9] = -0.029488444; 
Wave[10] = -0.032983303; 
Wave[11] = -0.037777424; 
Wave[12] = -0.043838978; 
Wave[13] = -0.047296405; 
Wave[14] = -0.050725937; 
Wave[15] = -0.052708745; 
Wave[16] = -0.053649902; 
Wave[17] = -0.05707264; 
Wave[18] = -0.060475826; 
Wave[19] = -0.065413594; 
Wave[20] = -0.07112837; 
Wave[21] = -0.07449329; 
Wave[22] = -0.07782745; 
Wave[23] = -0.08116424; 
Wave[24] = -0.08377075; 
Wave[25] = -0.08414078; 
Wave[26] = -0.0872252; 
Wave[27] = -0.090513706; 
Wave[28] = -0.09379768; 
Wave[29] = -0.09708166; 
Wave[30] = -0.10033202; 
Wave[31] = -0.1054889; 
Wave[32] = -0.110702515; 
Wave[33] = -0.11394; 
Wave[34] = -0.1171546; 
Wave[35] = -0.12036121; 
Wave[36] = -0.123568535; 
Wave[37] = -0.12678075; 
Wave[38] = -0.1299491; 
Wave[39] = -0.13095069; 
Wave[40] = -0.13237953; 
Wave[41] = -0.13554466; 
Wave[42] = -0.13867831; 
Wave[43] = -0.14181197; 
Wave[44] = -0.14493513; 
Wave[45] = -0.14804256; 
Wave[46] = -0.15112996; 
Wave[47] = -0.15421736; 
Wave[48] = -0.15729332; 
Wave[49] = -0.16035962; 
Wave[50] = -0.16343546; 
Wave[51] = -0.16649151; 
Wave[52] = -0.17111874; 
Wave[53] = -0.17647016; 
Wave[54] = -0.17951131; 
Wave[55] = -0.18252134; 
Wave[56] = -0.18552113; 
Wave[57] = -0.18851304; 
Wave[58] = -0.19149637; 
Wave[59] = -0.19446886; 
Wave[60] = -0.19743347; 
Wave[61] = -0.20039713; 
Wave[62] = -0.2033689; 
Wave[63] = -0.20629537; 
Wave[64] = -0.20921326; 
Wave[65] = -0.20582902; 
Wave[66] = -0.18658257; 
Wave[67] = 0.005923271; 
Wave[68] = 0.17776632; 
Wave[69] = 0.26154506; 
Wave[70] = 0.220222; 
Wave[71] = 0.23069835; 
Wave[72] = 0.22830868; 
Wave[73] = 0.22232652; 
Wave[74] = 0.21781707; 
Wave[75] = 0.21572411; 
Wave[76] = 0.20963573; 
Wave[77] = 0.20505047; 
Wave[78] = 0.20262003; 
Wave[79] = 0.19510388; 
Wave[80] = 0.1925087; 
Wave[81] = 0.18795097; 
Wave[82] = 0.1815536; 
Wave[83] = 0.18001568; 
Wave[84] = 0.17338085; 
Wave[85] = 0.16921103; 
Wave[86] = 0.16640496; 
Wave[87] = 0.15903914; 
Wave[88] = 0.15707588; 
Wave[89] = 0.15220654; 
Wave[90] = 0.14650941; 
Wave[91] = 0.14517963; 
Wave[92] = 0.13825655; 
Wave[93] = 0.13476717; 
Wave[94] = 0.1316669; 
Wave[95] = 0.124509215; 
Wave[96] = 0.123233795; 
Wave[97] = 0.1200515; 
Wave[98] = 0.11487889; 
Wave[99] = 0.10799754; 
Wave[100] = 0.1068759; 
Wave[101] = 0.10156751; 
Wave[102] = 0.095724344; 
Wave[103] = 0.09190488; 
Wave[104] = 0.09086418; 
Wave[105] = 0.08538532; 
Wave[106] = 0.079739094; 
Wave[107] = 0.07612407; 
Wave[108] = 0.07516432; 
Wave[109] = 0.069523215; 
Wave[110] = 0.06408644; 
Wave[111] = 0.060683846; 
Wave[112] = 0.059793472; 
Wave[113] = 0.053968906; 
Wave[114] = 0.048713446; 
Wave[115] = 0.045493484; 
Wave[116] = 0.04467249; 
Wave[117] = 0.041267633; 
Wave[118] = 0.03586936; 
Wave[119] = 0.029878855; 
Wave[120] = 0.026155472; 
Wave[121] = 0.025169373; 
Wave[122] = 0.022666216; 
Wave[123] = 0.018163204; 
Wave[124] = 0.011548996; 
Wave[125] = 0.0077729225; 
Wave[126] = 0.006033182; 
Wave[127] = 0.0032713413; 
Selected.WaveTable.set( 1 , Wave ); 

?> 
