#defaults=no 
#cm=OSC 
Wave=2 
<? 

float Wave[ 128 ]; 
Wave[0] = -0.0030517578; 
Wave[1] = 0.0049985647; 
Wave[2] = 0.011722565; 
Wave[3] = 0.024882793; 
Wave[4] = 0.034492016; 
Wave[5] = 0.04404521; 
Wave[6] = 0.050060034; 
Wave[7] = 0.059414625; 
Wave[8] = 0.071204185; 
Wave[9] = 0.08257675; 
Wave[10] = 0.09230518; 
Wave[11] = 0.102032065; 
Wave[12] = 0.10855532; 
Wave[13] = 0.11765623; 
Wave[14] = 0.1275239; 
Wave[15] = 0.1373887; 
Wave[16] = 0.15127373; 
Wave[17] = 0.16107821; 
Wave[18] = 0.17092776; 
Wave[19] = 0.18086195; 
Wave[20] = 0.19091034; 
Wave[21] = 0.19799829; 
Wave[22] = 0.20700383; 
Wave[23] = 0.21698189; 
Wave[24] = 0.22705841; 
Wave[25] = 0.23701298; 
Wave[26] = 0.24704075; 
Wave[27] = 0.25710404; 
Wave[28] = 0.2699213; 
Wave[29] = 0.26707435; 
Wave[30] = 0.25823784; 
Wave[31] = 0.2530855; 
Wave[32] = 0.24794006; 
Wave[33] = 0.24237967; 
Wave[34] = 0.24009442; 
Wave[35] = 0.23447752; 
Wave[36] = 0.22627735; 
Wave[37] = 0.21807098; 
Wave[38] = 0.2153616; 
Wave[39] = 0.20671284; 
Wave[40] = 0.20100212; 
Wave[41] = 0.19416988; 
Wave[42] = 0.18531632; 
Wave[43] = 0.17701602; 
Wave[44] = 0.17217064; 
Wave[45] = 0.16257346; 
Wave[46] = 0.15417671; 
Wave[47] = 0.14897597; 
Wave[48] = 0.13866425; 
Wave[49] = 0.13016355; 
Wave[50] = 0.12087202; 
Wave[51] = 0.1149838; 
Wave[52] = 0.10648203; 
Wave[53] = 0.09930289; 
Wave[54] = 0.08791733; 
Wave[55] = 0.081932425; 
Wave[56] = 0.069563866; 
Wave[57] = 0.06146264; 
Wave[58] = 0.055350065; 
Wave[59] = 0.04284966; 
Wave[60] = 0.03419876; 
Wave[61] = 0.02808845; 
Wave[62] = 0.015500307; 
Wave[63] = 0.005752325; 
Wave[64] = -0.0016098022; 
Wave[65] = -0.009021997; 
Wave[66] = -0.022322655; 
Wave[67] = -0.03181386; 
Wave[68] = -0.038200855; 
Wave[69] = -0.046881795; 
Wave[70] = -0.0564723; 
Wave[71] = -0.0689435; 
Wave[72] = -0.07965088; 
Wave[73] = -0.089315295; 
Wave[74] = -0.09625101; 
Wave[75] = -0.10497081; 
Wave[76] = -0.11472082; 
Wave[77] = -0.12447202; 
Wave[78] = -0.1381886; 
Wave[79] = -0.14807916; 
Wave[80] = -0.15802193; 
Wave[81] = -0.16789639; 
Wave[82] = -0.17679477; 
Wave[83] = -0.18388057; 
Wave[84] = -0.19387197; 
Wave[85] = -0.2038542; 
Wave[86] = -0.21377254; 
Wave[87] = -0.2238779; 
Wave[88] = -0.23458862; 
Wave[89] = -0.24777055; 
Wave[90] = -0.25785398; 
Wave[91] = -0.2678237; 
Wave[92] = -0.27402592; 
Wave[93] = -0.2670182; 
Wave[94] = -0.26083207; 
Wave[95] = -0.2556479; 
Wave[96] = -0.25028992; 
Wave[97] = -0.24466312; 
Wave[98] = -0.24042058; 
Wave[99] = -0.2367338; 
Wave[100] = -0.23023176; 
Wave[101] = -0.22019029; 
Wave[102] = -0.21618557; 
Wave[103] = -0.20678186; 
Wave[104] = -0.20109272; 
Wave[105] = -0.19410276; 
Wave[106] = -0.18907404; 
Wave[107] = -0.1790204; 
Wave[108] = -0.17193604; 
Wave[109] = -0.16612768; 
Wave[110] = -0.15574121; 
Wave[111] = -0.14859366; 
Wave[112] = -0.14214706; 
Wave[113] = -0.13133454; 
Wave[114] = -0.12419391; 
Wave[115] = -0.11393845; 
Wave[116] = -0.108719826; 
Wave[117] = -0.0968858; 
Wave[118] = -0.0912745; 
Wave[119] = -0.0795238; 
Wave[120] = -0.07238865; 
Wave[121] = -0.065701365; 
Wave[122] = -0.052851677; 
Wave[123] = -0.04535055; 
Wave[124] = -0.038568974; 
Wave[125] = -0.025411725; 
Wave[126] = -0.01771307; 
Wave[127] = -0.010954976; 
Selected.WaveTable.set( 1 , Wave ); 

?> 
