#defaults=no 
#cm=OSC 
Wave=2 
<? 

float Wave[ 128 ]; 
Wave[0] = -0.0027770996; 
Wave[1] = -0.0067130327; 
Wave[2] = -0.004677534; 
Wave[3] = 0.0030965805; 
Wave[4] = 0.0015926361; 
Wave[5] = 0.004744768; 
Wave[6] = 0.0068235397; 
Wave[7] = 0.006427884; 
Wave[8] = 0.011575699; 
Wave[9] = 0.016199827; 
Wave[10] = 0.017229319; 
Wave[11] = 0.020172596; 
Wave[12] = 0.019379139; 
Wave[13] = 0.019299746; 
Wave[14] = 0.024418354; 
Wave[15] = 0.025312424; 
Wave[16] = 0.028419495; 
Wave[17] = 0.026325464; 
Wave[18] = 0.029392004; 
Wave[19] = 0.032741785; 
Wave[20] = 0.03031063; 
Wave[21] = 0.033052087; 
Wave[22] = 0.036516666; 
Wave[23] = 0.033804655; 
Wave[24] = 0.036047935; 
Wave[25] = 0.03972137; 
Wave[26] = 0.04065919; 
Wave[27] = 0.037727594; 
Wave[28] = 0.038661003; 
Wave[29] = 0.042810082; 
Wave[30] = 0.044190407; 
Wave[31] = 0.043187976; 
Wave[32] = 0.041797638; 
Wave[33] = 0.04252076; 
Wave[34] = 0.04455471; 
Wave[35] = 0.047682643; 
Wave[36] = 0.04847145; 
Wave[37] = 0.0477854; 
Wave[38] = 0.04556489; 
Wave[39] = 0.046090722; 
Wave[40] = 0.0474329; 
Wave[41] = 0.05100751; 
Wave[42] = 0.05151844; 
Wave[43] = 0.051833272; 
Wave[44] = 0.052348614; 
Wave[45] = 0.052661777; 
Wave[46] = 0.049001932; 
Wave[47] = 0.04950452; 
Wave[48] = 0.049907684; 
Wave[49] = 0.050115466; 
Wave[50] = 0.05043006; 
Wave[51] = 0.05284953; 
Wave[52] = 0.05490303; 
Wave[53] = 0.055225015; 
Wave[54] = 0.055454493; 
Wave[55] = 0.055623412; 
Wave[56] = 0.05597782; 
Wave[57] = 0.056162596; 
Wave[58] = 0.056361675; 
Wave[59] = 0.056545854; 
Wave[60] = 0.05281639; 
Wave[61] = 0.053073168; 
Wave[62] = 0.05312085; 
Wave[63] = 0.05334103; 
Wave[64] = 0.053489685; 
Wave[65] = 0.053601503; 
Wave[66] = 0.0536716; 
Wave[67] = 0.05393672; 
Wave[68] = 0.054127693; 
Wave[69] = 0.054185033; 
Wave[70] = 0.05426979; 
Wave[71] = 0.054380774; 
Wave[72] = 0.054454803; 
Wave[73] = 0.055564165; 
Wave[74] = 0.056449175; 
Wave[75] = 0.0581156; 
Wave[76] = 0.058701992; 
Wave[77] = 0.058792114; 
Wave[78] = 0.05886221; 
Wave[79] = 0.05890751; 
Wave[80] = 0.058992386; 
Wave[81] = 0.05900693; 
Wave[82] = 0.059021235; 
Wave[83] = 0.05899763; 
Wave[84] = 0.059200287; 
Wave[85] = 0.059291005; 
Wave[86] = 0.059247017; 
Wave[87] = 0.059357643; 
Wave[88] = 0.05938053; 
Wave[89] = 0.059396148; 
Wave[90] = 0.059482813; 
Wave[91] = 0.059487104; 
Wave[92] = 0.059467316; 
Wave[93] = 0.059544563; 
Wave[94] = 0.059561253; 
Wave[95] = 0.059543967; 
Wave[96] = 0.059570312; 
Wave[97] = 0.059624553; 
Wave[98] = 0.0596838; 
Wave[99] = 0.059753656; 
Wave[100] = 0.05969858; 
Wave[101] = 0.059675694; 
Wave[102] = 0.059634924; 
Wave[103] = 0.059718013; 
Wave[104] = 0.059783936; 
Wave[105] = 0.059753656; 
Wave[106] = 0.059659243; 
Wave[107] = 0.059704065; 
Wave[108] = 0.05943203; 
Wave[109] = 0.047421217; 
Wave[110] = -0.11398244; 
Wave[111] = -0.32988775; 
Wave[112] = -0.2795086; 
Wave[113] = -0.30056095; 
Wave[114] = -0.30509663; 
Wave[115] = -0.30365956; 
Wave[116] = -0.31286716; 
Wave[117] = -0.31951702; 
Wave[118] = -0.32535434; 
Wave[119] = -0.3259194; 
Wave[120] = -0.3333826; 
Wave[121] = -0.3355745; 
Wave[122] = -0.33680487; 
Wave[123] = -0.34356296; 
Wave[124] = -0.35025072; 
Wave[125] = -0.3455137; 
Wave[126] = -0.2467866; 
Wave[127] = -0.010666609; 
Selected.WaveTable.set( 1 , Wave ); 

?> 
