#defaults=no 
#cm=OSC 
Wave=2 
<? 

float Wave[ 128 ]; 
Wave[0] = -0.00579834; 
Wave[1] = 0.010960579; 
Wave[2] = 0.022111893; 
Wave[3] = 0.039566994; 
Wave[4] = 0.05260086; 
Wave[5] = 0.065504074; 
Wave[6] = 0.07725334; 
Wave[7] = 0.09068298; 
Wave[8] = 0.10494995; 
Wave[9] = 0.11898136; 
Wave[10] = 0.12827873; 
Wave[11] = 0.1421175; 
Wave[12] = 0.15322113; 
Wave[13] = 0.16371918; 
Wave[14] = 0.1761589; 
Wave[15] = 0.18924904; 
Wave[16] = 0.19940186; 
Wave[17] = 0.2052002; 
Wave[18] = 0.21434975; 
Wave[19] = 0.22666073; 
Wave[20] = 0.23202133; 
Wave[21] = 0.24035835; 
Wave[22] = 0.24902344; 
Wave[23] = 0.25592327; 
Wave[24] = 0.26155853; 
Wave[25] = 0.2666855; 
Wave[26] = 0.27126503; 
Wave[27] = 0.27332783; 
Wave[28] = 0.27722168; 
Wave[29] = 0.27702808; 
Wave[30] = 0.28109932; 
Wave[31] = 0.27984524; 
Wave[32] = 0.2803192; 
Wave[33] = 0.28004456; 
Wave[34] = 0.28157806; 
Wave[35] = 0.28152657; 
Wave[36] = 0.27631378; 
Wave[37] = 0.27636528; 
Wave[38] = 0.26940918; 
Wave[39] = 0.2646389; 
Wave[40] = 0.2597046; 
Wave[41] = 0.25428677; 
Wave[42] = 0.24858665; 
Wave[43] = 0.24521542; 
Wave[44] = 0.2349701; 
Wave[45] = 0.23008251; 
Wave[46] = 0.22003746; 
Wave[47] = 0.20861244; 
Wave[48] = 0.19914246; 
Wave[49] = 0.19309998; 
Wave[50] = 0.18020439; 
Wave[51] = 0.16782188; 
Wave[52] = 0.15756226; 
Wave[53] = 0.14873886; 
Wave[54] = 0.1332779; 
Wave[55] = 0.1236763; 
Wave[56] = 0.109817505; 
Wave[57] = 0.09566116; 
Wave[58] = 0.08506012; 
Wave[59] = 0.070046425; 
Wave[60] = 0.05865097; 
Wave[61] = 0.040981293; 
Wave[62] = 0.028587341; 
Wave[63] = 0.0144844055; 
Wave[64] = 0.0; 
Wave[65] = -0.0106630325; 
Wave[66] = -0.02700615; 
Wave[67] = -0.038576126; 
Wave[68] = -0.053092957; 
Wave[69] = -0.067466736; 
Wave[70] = -0.079216; 
Wave[71] = -0.09562683; 
Wave[72] = -0.10746002; 
Wave[73] = -0.119057655; 
Wave[74] = -0.13430023; 
Wave[75] = -0.14312553; 
Wave[76] = -0.15780258; 
Wave[77] = -0.17014503; 
Wave[78] = -0.17747498; 
Wave[79] = -0.1881361; 
Wave[80] = -0.19836426; 
Wave[81] = -0.20803165; 
Wave[82] = -0.21975136; 
Wave[83] = -0.22629166; 
Wave[84] = -0.23514938; 
Wave[85] = -0.24347782; 
Wave[86] = -0.24889183; 
Wave[87] = -0.2591772; 
Wave[88] = -0.26493835; 
Wave[89] = -0.2701168; 
Wave[90] = -0.27469063; 
Wave[91] = -0.2768669; 
Wave[92] = -0.2808838; 
Wave[93] = -0.2807827; 
Wave[94] = -0.28632164; 
Wave[95] = -0.28482533; 
Wave[96] = -0.2842102; 
Wave[97] = -0.28401566; 
Wave[98] = -0.2856865; 
Wave[99] = -0.2856207; 
Wave[100] = -0.2804947; 
Wave[101] = -0.27831173; 
Wave[102] = -0.27311134; 
Wave[103] = -0.27284908; 
Wave[104] = -0.2680664; 
Wave[105] = -0.26258945; 
Wave[106] = -0.25257683; 
Wave[107] = -0.24762344; 
Wave[108] = -0.23969269; 
Wave[109] = -0.23456001; 
Wave[110] = -0.22247505; 
Wave[111] = -0.2162199; 
Wave[112] = -0.20791626; 
Wave[113] = -0.19801903; 
Wave[114] = -0.18759155; 
Wave[115] = -0.17680264; 
Wave[116] = -0.16161346; 
Wave[117] = -0.15218067; 
Wave[118] = -0.14185333; 
Wave[119] = -0.12640095; 
Wave[120] = -0.114967346; 
Wave[121] = -0.10328579; 
Wave[122] = -0.08697891; 
Wave[123] = -0.07524967; 
Wave[124] = -0.06098175; 
Wave[125] = -0.050234795; 
Wave[126] = -0.034999847; 
Wave[127] = -0.01863861; 
Selected.WaveTable.set( 1 , Wave ); 

?> 
