#defaults=no 
#cm=OSC 
Wave=2 
<? 

float Wave[ 128 ]; 
Wave[0] = 0.15480042; 
Wave[1] = 0.091590285; 
Wave[2] = 0.09077716; 
Wave[3] = 0.09873521; 
Wave[4] = 0.106356144; 
Wave[5] = 0.11156809; 
Wave[6] = 0.1181469; 
Wave[7] = 0.12367988; 
Wave[8] = 0.12719536; 
Wave[9] = 0.13186336; 
Wave[10] = 0.14039373; 
Wave[11] = 0.14257324; 
Wave[12] = 0.14750671; 
Wave[13] = 0.15447962; 
Wave[14] = 0.1599772; 
Wave[15] = 0.16493022; 
Wave[16] = 0.16684723; 
Wave[17] = 0.16870773; 
Wave[18] = 0.17643404; 
Wave[19] = 0.1803248; 
Wave[20] = 0.17831945; 
Wave[21] = 0.18279362; 
Wave[22] = 0.18580341; 
Wave[23] = 0.18722498; 
Wave[24] = 0.19242859; 
Wave[25] = 0.1950072; 
Wave[26] = 0.19895267; 
Wave[27] = 0.19866204; 
Wave[28] = 0.20060062; 
Wave[29] = 0.20253706; 
Wave[30] = 0.20824552; 
Wave[31] = 0.20831132; 
Wave[32] = 0.21215057; 
Wave[33] = 0.21064854; 
Wave[34] = 0.21570826; 
Wave[35] = 0.2147193; 
Wave[36] = 0.21894741; 
Wave[37] = 0.21914351; 
Wave[38] = 0.21774626; 
Wave[39] = 0.2225796; 
Wave[40] = 0.22338676; 
Wave[41] = 0.22155094; 
Wave[42] = 0.22585154; 
Wave[43] = 0.22757876; 
Wave[44] = 0.22714949; 
Wave[45] = 0.22578382; 
Wave[46] = 0.23051119; 
Wave[47] = 0.23142838; 
Wave[48] = 0.2299118; 
Wave[49] = 0.22915912; 
Wave[50] = 0.22992706; 
Wave[51] = 0.23270273; 
Wave[52] = 0.23510408; 
Wave[53] = 0.23590326; 
Wave[54] = 0.23480129; 
Wave[55] = 0.23317099; 
Wave[56] = 0.23370743; 
Wave[57] = 0.23424482; 
Wave[58] = 0.23731804; 
Wave[59] = 0.23924708; 
Wave[60] = 0.23963642; 
Wave[61] = 0.23996067; 
Wave[62] = 0.23682356; 
Wave[63] = 0.23691058; 
Wave[64] = 0.23717499; 
Wave[65] = 0.23756218; 
Wave[66] = 0.2376566; 
Wave[67] = 0.2397809; 
Wave[68] = 0.24244595; 
Wave[69] = 0.24261904; 
Wave[70] = 0.24287796; 
Wave[71] = 0.24317718; 
Wave[72] = 0.24345589; 
Wave[73] = 0.24365044; 
Wave[74] = 0.2439189; 
Wave[75] = 0.24398804; 
Wave[76] = 0.24106693; 
Wave[77] = 0.24240565; 
Wave[78] = 0.24495745; 
Wave[79] = 0.17248106; 
Wave[80] = -0.19147873; 
Wave[81] = -0.2571199; 
Wave[82] = -0.2472763; 
Wave[83] = -0.24538398; 
Wave[84] = -0.25596333; 
Wave[85] = -0.25974667; 
Wave[86] = -0.26993608; 
Wave[87] = -0.27658927; 
Wave[88] = -0.27942657; 
Wave[89] = -0.2924826; 
Wave[90] = -0.29396105; 
Wave[91] = -0.30123663; 
Wave[92] = -0.30945826; 
Wave[93] = -0.31146252; 
Wave[94] = -0.31662226; 
Wave[95] = -0.3196473; 
Wave[96] = -0.32224274; 
Wave[97] = -0.32794166; 
Wave[98] = -0.33104515; 
Wave[99] = -0.33698726; 
Wave[100] = -0.33969545; 
Wave[101] = -0.34157133; 
Wave[102] = -0.34347558; 
Wave[103] = -0.34905863; 
Wave[104] = -0.35443497; 
Wave[105] = -0.3564384; 
Wave[106] = -0.35993338; 
Wave[107] = -0.3623947; 
Wave[108] = -0.36441326; 
Wave[109] = -0.3642429; 
Wave[110] = -0.36720896; 
Wave[111] = -0.37047303; 
Wave[112] = -0.36961746; 
Wave[113] = -0.3728224; 
Wave[114] = -0.37412834; 
Wave[115] = -0.37519073; 
Wave[116] = -0.37898588; 
Wave[117] = -0.3780552; 
Wave[118] = -0.38343835; 
Wave[119] = -0.38375473; 
Wave[120] = -0.38233757; 
Wave[121] = -0.38715684; 
Wave[122] = -0.38801336; 
Wave[123] = -0.3861041; 
Wave[124] = -0.39051533; 
Wave[125] = -0.39130247; 
Wave[126] = -0.3904388; 
Wave[127] = -0.395095; 
Selected.WaveTable.set( 1 , Wave ); 

?> 
