#defaults=no 
#cm=OSC 
Wave=2 
<? 

float Wave[ 128 ]; 
Wave[0] = 0.00881958; 
Wave[1] = 0.04012108; 
Wave[2] = 0.019438267; 
Wave[3] = 0.017879486; 
Wave[4] = 0.030590057; 
Wave[5] = 0.032157898; 
Wave[6] = 0.03408742; 
Wave[7] = 0.04465425; 
Wave[8] = 0.045657158; 
Wave[9] = 0.050927162; 
Wave[10] = 0.0556314; 
Wave[11] = 0.058913708; 
Wave[12] = 0.057923317; 
Wave[13] = 0.0629313; 
Wave[14] = 0.065675735; 
Wave[15] = 0.07093537; 
Wave[16] = 0.07155228; 
Wave[17] = 0.07377422; 
Wave[18] = 0.078840256; 
Wave[19] = 0.07888436; 
Wave[20] = 0.08356142; 
Wave[21] = 0.08223784; 
Wave[22] = 0.08629322; 
Wave[23] = 0.08852804; 
Wave[24] = 0.091465; 
Wave[25] = 0.09095824; 
Wave[26] = 0.09489226; 
Wave[27] = 0.09277892; 
Wave[28] = 0.095778465; 
Wave[29] = 0.0966686; 
Wave[30] = 0.097440004; 
Wave[31] = 0.1022737; 
Wave[32] = 0.10063934; 
Wave[33] = 0.10127187; 
Wave[34] = 0.10593462; 
Wave[35] = 0.106945276; 
Wave[36] = 0.104111195; 
Wave[37] = 0.10502708; 
Wave[38] = 0.10901666; 
Wave[39] = 0.11040604; 
Wave[40] = 0.10780716; 
Wave[41] = 0.10847986; 
Wave[42] = 0.109716654; 
Wave[43] = 0.113868356; 
Wave[44] = 0.11458683; 
Wave[45] = 0.11142576; 
Wave[46] = 0.11201; 
Wave[47] = 0.11259282; 
Wave[48] = 0.11370087; 
Wave[49] = 0.11749709; 
Wave[50] = 0.118116856; 
Wave[51] = 0.118558645; 
Wave[52] = 0.117148876; 
Wave[53] = 0.115611315; 
Wave[54] = 0.11589193; 
Wave[55] = 0.116325855; 
Wave[56] = 0.11672115; 
Wave[57] = 0.11702478; 
Wave[58] = 0.119196415; 
Wave[59] = 0.12160897; 
Wave[60] = 0.12202978; 
Wave[61] = 0.12230551; 
Wave[62] = 0.12260556; 
Wave[63] = 0.12270045; 
Wave[64] = 0.12106323; 
Wave[65] = 0.119336724; 
Wave[66] = 0.11952567; 
Wave[67] = 0.11979067; 
Wave[68] = 0.1199913; 
Wave[69] = 0.1201849; 
Wave[70] = 0.12034798; 
Wave[71] = 0.120446086; 
Wave[72] = 0.120607376; 
Wave[73] = 0.12068176; 
Wave[74] = 0.120865345; 
Wave[75] = 0.12102044; 
Wave[76] = 0.12318897; 
Wave[77] = 0.12513125; 
Wave[78] = 0.1252203; 
Wave[79] = 0.12534976; 
Wave[80] = 0.1254158; 
Wave[81] = 0.1255132; 
Wave[82] = 0.12559104; 
Wave[83] = 0.12559867; 
Wave[84] = 0.12576103; 
Wave[85] = 0.1258595; 
Wave[86] = 0.12580514; 
Wave[87] = 0.12595296; 
Wave[88] = 0.12602806; 
Wave[89] = 0.12616408; 
Wave[90] = 0.12610483; 
Wave[91] = 0.12625325; 
Wave[92] = 0.12593889; 
Wave[93] = 0.10978341; 
Wave[94] = -0.1012485; 
Wave[95] = -0.28513432; 
Wave[96] = -0.23833466; 
Wave[97] = -0.24904811; 
Wave[98] = -0.259526; 
Wave[99] = -0.25969446; 
Wave[100] = -0.26950407; 
Wave[101] = -0.2780807; 
Wave[102] = -0.27815318; 
Wave[103] = -0.28421593; 
Wave[104] = -0.28784657; 
Wave[105] = -0.29560137; 
Wave[106] = -0.29987288; 
Wave[107] = -0.3001405; 
Wave[108] = -0.3049035; 
Wave[109] = -0.31133533; 
Wave[110] = -0.3108573; 
Wave[111] = -0.31715083; 
Wave[112] = -0.31739807; 
Wave[113] = -0.32005095; 
Wave[114] = -0.32326388; 
Wave[115] = -0.3259858; 
Wave[116] = -0.3280754; 
Wave[117] = -0.33102918; 
Wave[118] = -0.33330655; 
Wave[119] = -0.33531487; 
Wave[120] = -0.34039307; 
Wave[121] = -0.34203947; 
Wave[122] = -0.3456154; 
Wave[123] = -0.3443569; 
Wave[124] = -0.34876537; 
Wave[125] = -0.33366072; 
Wave[126] = -0.08252311; 
Wave[127] = 0.039680123; 
Selected.WaveTable.set( 1 , Wave ); 

?> 
