#defaults=no 
#cm=OSC 
Wave=2 
<? 

float Wave[ 128 ]; 
Wave[0] = 0.018981934; 
Wave[1] = 0.20457268; 
Wave[2] = 0.16025925; 
Wave[3] = 0.16037941; 
Wave[4] = 0.17194366; 
Wave[5] = 0.1798687; 
Wave[6] = 0.18582344; 
Wave[7] = 0.19164276; 
Wave[8] = 0.19965363; 
Wave[9] = 0.20475101; 
Wave[10] = 0.21229935; 
Wave[11] = 0.2192154; 
Wave[12] = 0.22502899; 
Wave[13] = 0.22788715; 
Wave[14] = 0.23196411; 
Wave[15] = 0.2362709; 
Wave[16] = 0.23757935; 
Wave[17] = 0.2474966; 
Wave[18] = 0.24872208; 
Wave[19] = 0.24979496; 
Wave[20] = 0.2586975; 
Wave[21] = 0.26162148; 
Wave[22] = 0.26075363; 
Wave[23] = 0.2644329; 
Wave[24] = 0.26683807; 
Wave[25] = 0.27267742; 
Wave[26] = 0.27292252; 
Wave[27] = 0.27472496; 
Wave[28] = 0.2770996; 
Wave[29] = 0.28004837; 
Wave[30] = 0.28312683; 
Wave[31] = 0.28498268; 
Wave[32] = 0.29022217; 
Wave[33] = 0.28773117; 
Wave[34] = 0.29202652; 
Wave[35] = 0.2917633; 
Wave[36] = 0.29390717; 
Wave[37] = 0.29629612; 
Wave[38] = 0.29623604; 
Wave[39] = 0.30120277; 
Wave[40] = 0.3007965; 
Wave[41] = 0.3000803; 
Wave[42] = 0.30506706; 
Wave[43] = 0.30467987; 
Wave[44] = 0.30360413; 
Wave[45] = 0.30486298; 
Wave[46] = 0.3094864; 
Wave[47] = 0.30776024; 
Wave[48] = 0.30743408; 
Wave[49] = 0.3094778; 
Wave[50] = 0.3130455; 
Wave[51] = 0.31361198; 
Wave[52] = 0.31069946; 
Wave[53] = 0.3112545; 
Wave[54] = 0.3117485; 
Wave[55] = 0.31315708; 
Wave[56] = 0.3169403; 
Wave[57] = 0.3176117; 
Wave[58] = 0.3175583; 
Wave[59] = 0.3145542; 
Wave[60] = 0.31518936; 
Wave[61] = 0.3153057; 
Wave[62] = 0.3184929; 
Wave[63] = 0.31380272; 
Wave[64] = 0.10588074; 
Wave[65] = -0.21253204; 
Wave[66] = -0.16464615; 
Wave[67] = -0.17857361; 
Wave[68] = -0.17037964; 
Wave[69] = -0.1796093; 
Wave[70] = -0.19229317; 
Wave[71] = -0.18981457; 
Wave[72] = -0.2005539; 
Wave[73] = -0.2119751; 
Wave[74] = -0.21344185; 
Wave[75] = -0.22049141; 
Wave[76] = -0.22397614; 
Wave[77] = -0.22639847; 
Wave[78] = -0.23338509; 
Wave[79] = -0.24046993; 
Wave[80] = -0.24104309; 
Wave[81] = -0.24757195; 
Wave[82] = -0.25403214; 
Wave[83] = -0.25365162; 
Wave[84] = -0.25859833; 
Wave[85] = -0.2646637; 
Wave[86] = -0.26447678; 
Wave[87] = -0.27049065; 
Wave[88] = -0.27227783; 
Wave[89] = -0.27713966; 
Wave[90] = -0.27625275; 
Wave[91] = -0.2821741; 
Wave[92] = -0.2848091; 
Wave[93] = -0.28682137; 
Wave[94] = -0.28676414; 
Wave[95] = -0.2886591; 
Wave[96] = -0.29312134; 
Wave[97] = -0.29399776; 
Wave[98] = -0.29569435; 
Wave[99] = -0.2987671; 
Wave[100] = -0.2976303; 
Wave[101] = -0.29990482; 
Wave[102] = -0.29960442; 
Wave[103] = -0.30514145; 
Wave[104] = -0.30448914; 
Wave[105] = -0.30368805; 
Wave[106] = -0.30909538; 
Wave[107] = -0.3084545; 
Wave[108] = -0.30723572; 
Wave[109] = -0.30852127; 
Wave[110] = -0.3132248; 
Wave[111] = -0.31407738; 
Wave[112] = -0.3111267; 
Wave[113] = -0.31315327; 
Wave[114] = -0.31666565; 
Wave[115] = -0.317461; 
Wave[116] = -0.31723022; 
Wave[117] = -0.31507874; 
Wave[118] = -0.3156662; 
Wave[119] = -0.31695843; 
Wave[120] = -0.32078552; 
Wave[121] = -0.32159996; 
Wave[122] = -0.32136917; 
Wave[123] = -0.31856537; 
Wave[124] = -0.31912613; 
Wave[125] = -0.31907845; 
Wave[126] = -0.31970215; 
Wave[127] = -0.32224846; 
Selected.WaveTable.set( 1 , Wave ); 

?> 
