#defaults=no 
#cm=OSC 
Wave=2 
<? 

float Wave[ 128 ]; 
Wave[0] = 0.0; 
Wave[1] = 0.0051437616; 
Wave[2] = 0.009016752; 
Wave[3] = 0.019365668; 
Wave[4] = 0.024810314; 
Wave[5] = 0.028498769; 
Wave[6] = 0.038655043; 
Wave[7] = 0.044520736; 
Wave[8] = 0.048142433; 
Wave[9] = 0.058057427; 
Wave[10] = 0.064306974; 
Wave[11] = 0.0677501; 
Wave[12] = 0.077810764; 
Wave[13] = 0.08106732; 
Wave[14] = 0.08958697; 
Wave[15] = 0.0983237; 
Wave[16] = 0.1009922; 
Wave[17] = 0.10939288; 
Wave[18] = 0.11526513; 
Wave[19] = 0.121358156; 
Wave[20] = 0.13138485; 
Wave[21] = 0.13524747; 
Wave[22] = 0.1448443; 
Wave[23] = 0.15010643; 
Wave[24] = 0.15434074; 
Wave[25] = 0.16492617; 
Wave[26] = 0.16775918; 
Wave[27] = 0.17699099; 
Wave[28] = 0.18514156; 
Wave[29] = 0.18908608; 
Wave[30] = 0.19854093; 
Wave[31] = 0.2016964; 
Wave[32] = 0.20908356; 
Wave[33] = 0.21640766; 
Wave[34] = 0.22150731; 
Wave[35] = 0.23219109; 
Wave[36] = 0.2367878; 
Wave[37] = 0.24507046; 
Wave[38] = 0.25179052; 
Wave[39] = 0.25720572; 
Wave[40] = 0.26592445; 
Wave[41] = 0.268672; 
Wave[42] = 0.2772479; 
Wave[43] = 0.28302503; 
Wave[44] = 0.28919363; 
Wave[45] = 0.29951668; 
Wave[46] = 0.3034172; 
Wave[47] = 0.31308806; 
Wave[48] = 0.3183956; 
Wave[49] = 0.32543635; 
Wave[50] = 0.33318186; 
Wave[51] = 0.3362714; 
Wave[52] = 0.34562445; 
Wave[53] = 0.34982705; 
Wave[54] = 0.35766673; 
Wave[55] = 0.36704254; 
Wave[56] = 0.37029934; 
Wave[57] = 0.3804593; 
Wave[58] = 0.38760495; 
Wave[59] = 0.28849876; 
Wave[60] = -0.18789673; 
Wave[61] = -0.2680161; 
Wave[62] = -0.23877048; 
Wave[63] = -0.23050427; 
Wave[64] = -0.23724365; 
Wave[65] = -0.24530983; 
Wave[66] = -0.24395227; 
Wave[67] = -0.24526834; 
Wave[68] = -0.2502632; 
Wave[69] = -0.2512231; 
Wave[70] = -0.24932909; 
Wave[71] = -0.24973226; 
Wave[72] = -0.2543087; 
Wave[73] = -0.2517445; 
Wave[74] = -0.250947; 
Wave[75] = -0.2500131; 
Wave[76] = -0.2507925; 
Wave[77] = -0.2496407; 
Wave[78] = -0.25058675; 
Wave[79] = -0.24775767; 
Wave[80] = -0.24350548; 
Wave[81] = -0.24071741; 
Wave[82] = -0.23732567; 
Wave[83] = -0.23493731; 
Wave[84] = -0.23280573; 
Wave[85] = -0.22987783; 
Wave[86] = -0.23008752; 
Wave[87] = -0.22699094; 
Wave[88] = -0.22209167; 
Wave[89] = -0.21560764; 
Wave[90] = -0.21528673; 
Wave[91] = -0.21084583; 
Wave[92] = -0.20366001; 
Wave[93] = -0.19954586; 
Wave[94] = -0.19538522; 
Wave[95] = -0.1946454; 
Wave[96] = -0.1900711; 
Wave[97] = -0.18489647; 
Wave[98] = -0.17666912; 
Wave[99] = -0.17185724; 
Wave[100] = -0.16666698; 
Wave[101] = -0.16175961; 
Wave[102] = -0.15658665; 
Wave[103] = -0.15109563; 
Wave[104] = -0.1459589; 
Wave[105] = -0.14058578; 
Wave[106] = -0.13503122; 
Wave[107] = -0.13348353; 
Wave[108] = -0.12785149; 
Wave[109] = -0.12215936; 
Wave[110] = -0.11564779; 
Wave[111] = -0.10682714; 
Wave[112] = -0.101018906; 
Wave[113] = -0.0960201; 
Wave[114] = -0.093292; 
Wave[115] = -0.087252855; 
Wave[116] = -0.07735205; 
Wave[117] = -0.071251035; 
Wave[118] = -0.06841302; 
Wave[119] = -0.06311977; 
Wave[120] = -0.05522442; 
Wave[121] = -0.046921015; 
Wave[122] = -0.044413805; 
Wave[123] = -0.03632438; 
Wave[124] = -0.025309086; 
Wave[125] = -0.017792702; 
Wave[126] = -0.015614748; 
Wave[127] = -0.006520629; 
Selected.WaveTable.set( 1 , Wave ); 

?> 
