#defaults=no
#cm=OSC
Wave=2
<?

float Wave[128];
Wave[0] = -0.3252868652;
Wave[1] = -0.12890625;
Wave[2] = -0.1750793457;
Wave[3] = -0.0010986328;
Wave[4] = -0.101776123;
Wave[5] = -0.0817260742;
Wave[6] = -0.1187133789;
Wave[7] = -0.1010131836;
Wave[8] = 0.3101196289;
Wave[9] = -0.5463562012;
Wave[10] = 0.2600402832;
Wave[11] = -0.5986633301;
Wave[12] = 0.0388793945;
Wave[13] = -0.1956787109;
Wave[14] = -0.1321411133;
Wave[15] = -0.0536499023;
Wave[16] = 0.7390136719;
Wave[17] = -0.2468566895;
Wave[18] = 0.1543273926;
Wave[19] = -0.096496582;
Wave[20] = 0.0784606934;
Wave[21] = 0.1391906738;
Wave[22] = -0.003692627;
Wave[23] = -0.0877990723;
Wave[24] = 0.0863647461;
Wave[25] = -0.0296020508;
Wave[26] = -0.0338439941;
Wave[27] = -0.0365600586;
Wave[28] = -0.0764465332;
Wave[29] = 0.1505737305;
Wave[30] = 0.3862915039;
Wave[31] = 0.6152038574;
Wave[32] = 0.6002197266;
Wave[33] = 0.4524230957;
Wave[34] = 0.4909057617;
Wave[35] = 0.5029602051;
Wave[36] = 0.6166992188;
Wave[37] = 0.4281921387;
Wave[38] = 0.4565429688;
Wave[39] = 0.656036377;
Wave[40] = 0.8882446289;
Wave[41] = 0.3499145508;
Wave[42] = 0.5625610352;
Wave[43] = 0.639831543;
Wave[44] = 0.590637207;
Wave[45] = 0.4287109375;
Wave[46] = 0.5590209961;
Wave[47] = 0.3930664062;
Wave[48] = 0.6109619141;
Wave[49] = 0.5354919434;
Wave[50] = 0.3050231934;
Wave[51] = 0.3949890137;
Wave[52] = 0.4584350586;
Wave[53] = 0.4438781738;
Wave[54] = 0.3980102539;
Wave[55] = 0.2333374023;
Wave[56] = 0.4685668945;
Wave[57] = 0.3883666992;
Wave[58] = 0.7105712891;
Wave[59] = 0.0759887695;
Wave[60] = 0.0657653809;
Wave[61] = -0.0450744629;
Wave[62] = -0.0675048828;
Wave[63] = -0.3031921387;
Wave[64] = 0.0877990723;
Wave[65] = -0.4475097656;
Wave[66] = -0.005065918;
Wave[67] = -0.178527832;
Wave[68] = -0.1192626953;
Wave[69] = -0.1954650879;
Wave[70] = -0.0860900879;
Wave[71] = -0.1848144531;
Wave[72] = -0.2024230957;
Wave[73] = -0.2151489258;
Wave[74] = -0.0909729004;
Wave[75] = -0.1885070801;
Wave[76] = -0.0899658203;
Wave[77] = -0.305267334;
Wave[78] = -0.3641357422;
Wave[79] = -0.4801025391;
Wave[80] = -0.3747558594;
Wave[81] = -0.3735656738;
Wave[82] = -0.3810119629;
Wave[83] = -0.4510498047;
Wave[84] = -0.5162963867;
Wave[85] = -0.5133666992;
Wave[86] = -0.4645996094;
Wave[87] = -0.4771728516;
Wave[88] = -0.3804016113;
Wave[89] = -0.4042053223;
Wave[90] = -0.3351745605;
Wave[91] = -0.3468017578;
Wave[92] = -0.3071289062;
Wave[93] = -0.3012390137;
Wave[94] = -0.2798156738;
Wave[95] = -0.2853088379;
Wave[96] = -0.2633972168;
Wave[97] = -0.2329711914;
Wave[98] = -0.2149353027;
Wave[99] = -0.1678161621;
Wave[100] = -0.1340026855;
Wave[101] = -0.1536865234;
Wave[102] = -0.2248535156;
Wave[103] = -0.128692627;
Wave[104] = -0.1995849609;
Wave[105] = -0.1377563477;
Wave[106] = -0.1705322266;
Wave[107] = -0.0668029785;
Wave[108] = -0.1114501953;
Wave[109] = -0.0455627441;
Wave[110] = -0.0751342773;
Wave[111] = -0.0551452637;
Wave[112] = 0.0008544922;
Wave[113] = -0.0159301758;
Wave[114] = -0.0004577637;
Wave[115] = 0.0041809082;
Wave[116] = 0.0317077637;
Wave[117] = -0.0233154297;
Wave[118] = 0.066192627;
Wave[119] = -0.0919494629;
Wave[120] = -0.0978088379;
Wave[121] = -0.695098877;
Wave[122] = 0.1268310547;
Wave[123] = -0.0144348145;
Wave[124] = -0.1436157227;
Wave[125] = -0.0749206543;
Wave[126] = -0.1088562012;
Wave[127] = -0.3142700195;
Selected.WaveTable.set(1, Wave);

?>
