#defaults=no
#cm=OSC
Wave=2
<?

float Wave[128];
Wave[0] = 0.0723876953;
Wave[1] = 0.1527709961;
Wave[2] = 0.213684082;
Wave[3] = 0.127166748;
Wave[4] = 0.0110778809;
Wave[5] = 0.0389099121;
Wave[6] = 0.0795593262;
Wave[7] = 0.1039428711;
Wave[8] = 0.1741333008;
Wave[9] = 0.1527709961;
Wave[10] = -0.0219116211;
Wave[11] = -0.0974121094;
Wave[12] = -0.011138916;
Wave[13] = -0.0502929688;
Wave[14] = -0.0930480957;
Wave[15] = 0.0422668457;
Wave[16] = 0.1386108398;
Wave[17] = 0.0733947754;
Wave[18] = 0.109375;
Wave[19] = 0.2062072754;
Wave[20] = 0.137512207;
Wave[21] = 0.0907592773;
Wave[22] = 0.0875854492;
Wave[23] = -0.0126647949;
Wave[24] = -0.0368347168;
Wave[25] = 0.1683044434;
Wave[26] = 0.2716674805;
Wave[27] = 0.1903076172;
Wave[28] = 0.2010498047;
Wave[29] = 0.2374267578;
Wave[30] = 0.1504516602;
Wave[31] = 0.1273803711;
Wave[32] = 0.2532958984;
Wave[33] = 0.3349609375;
Wave[34] = 0.3222045898;
Wave[35] = 0.26171875;
Wave[36] = 0.1649780273;
Wave[37] = 0.0735473633;
Wave[38] = 0.0763549805;
Wave[39] = 0.139251709;
Wave[40] = 0.1124267578;
Wave[41] = -0.0346679688;
Wave[42] = -0.1088562012;
Wave[43] = -0.0622253418;
Wave[44] = -0.1171264648;
Wave[45] = -0.1777038574;
Wave[46] = -0.0873413086;
Wave[47] = -0.1254882812;
Wave[48] = -0.3686828613;
Wave[49] = -0.4072570801;
Wave[50] = -0.3011779785;
Wave[51] = -0.2636413574;
Wave[52] = -0.1270141602;
Wave[53] = -0.0100097656;
Wave[54] = -0.2861938477;
Wave[55] = -0.5143432617;
Wave[56] = -0.3681335449;
Wave[57] = -0.2809143066;
Wave[58] = -0.2563171387;
Wave[59] = 0.0770263672;
Wave[60] = 0.3153991699;
Wave[61] = 0.18359375;
Wave[62] = 0.1985168457;
Wave[63] = 0.3945617676;
Wave[64] = 0.3317565918;
Wave[65] = 0.2914428711;
Wave[66] = 0.4844970703;
Wave[67] = 0.4170837402;
Wave[68] = 0.1255187988;
Wave[69] = 0.2485656738;
Wave[70] = 0.4844970703;
Wave[71] = 0.4148254395;
Wave[72] = 0.4336853027;
Wave[73] = 0.6350402832;
Wave[74] = 0.4908752441;
Wave[75] = 0.3162536621;
Wave[76] = 0.594329834;
Wave[77] = 0.8436584473;
Wave[78] = 0.8292541504;
Wave[79] = 0.9043579102;
Wave[80] = 0.869720459;
Wave[81] = 0.4489746094;
Wave[82] = 0.2459106445;
Wave[83] = 0.3736877441;
Wave[84] = 0.2941894531;
Wave[85] = 0.1283874512;
Wave[86] = 0.2565917969;
Wave[87] = 0.2583618164;
Wave[88] = 0.0339660645;
Wave[89] = 0.0461730957;
Wave[90] = 0.1666564941;
Wave[91] = 0.0074462891;
Wave[92] = -0.1322631836;
Wave[93] = -0.0634765625;
Wave[94] = -0.1681518555;
Wave[95] = -0.3187255859;
Wave[96] = -0.1979370117;
Wave[97] = -0.184173584;
Wave[98] = -0.5431518555;
Wave[99] = -0.7695617676;
Wave[100] = -0.7681274414;
Wave[101] = -0.9147338867;
Wave[102] = -0.9760437012;
Wave[103] = -0.755645752;
Wave[104] = -0.662902832;
Wave[105] = -0.7766113281;
Wave[106] = -0.7303466797;
Wave[107] = -0.6958312988;
Wave[108] = -0.7894897461;
Wave[109] = -0.6383972168;
Wave[110] = -0.325012207;
Wave[111] = -0.3014831543;
Wave[112] = -0.3589172363;
Wave[113] = -0.2117919922;
Wave[114] = -0.1619873047;
Wave[115] = -0.2769470215;
Wave[116] = -0.2334289551;
Wave[117] = -0.1522827148;
Wave[118] = -0.2412719727;
Wave[119] = -0.2791442871;
Wave[120] = -0.2282714844;
Wave[121] = -0.2265319824;
Wave[122] = -0.2003173828;
Wave[123] = -0.0642089844;
Wave[124] = -0.0368347168;
Wave[125] = -0.1350097656;
Wave[126] = -0.1217346191;
Wave[127] = 0.0737304688;
Selected.WaveTable.set(1, Wave);

?>
