#defaults=no
#cm=OSC
Wave=2
<?

float Wave[128];
Wave[0] = 0.3506469727;
Wave[1] = 0.1387939453;
Wave[2] = 0.0557556152;
Wave[3] = -0.0218811035;
Wave[4] = -0.107635498;
Wave[5] = -0.0986633301;
Wave[6] = 0.0285339355;
Wave[7] = 0.1540222168;
Wave[8] = 0.2336120605;
Wave[9] = 0.3485412598;
Wave[10] = 0.5227966309;
Wave[11] = 0.6390686035;
Wave[12] = 0.6950683594;
Wave[13] = 0.752532959;
Wave[14] = 0.8591003418;
Wave[15] = 0.9140014648;
Wave[16] = 0.9199829102;
Wave[17] = 0.9114685059;
Wave[18] = 0.9063415527;
Wave[19] = 0.8456726074;
Wave[20] = 0.7223510742;
Wave[21] = 0.5823364258;
Wave[22] = 0.439239502;
Wave[23] = 0.3090209961;
Wave[24] = 0.180847168;
Wave[25] = 0.0922241211;
Wave[26] = 0.0648193359;
Wave[27] = 0.0693664551;
Wave[28] = 0.063079834;
Wave[29] = 0.0751342773;
Wave[30] = 0.1491088867;
Wave[31] = 0.2354736328;
Wave[32] = 0.2782592773;
Wave[33] = 0.3280334473;
Wave[34] = 0.4439697266;
Wave[35] = 0.5823364258;
Wave[36] = 0.6323547363;
Wave[37] = 0.6840515137;
Wave[38] = 0.7675170898;
Wave[39] = 0.8110656738;
Wave[40] = 0.7075805664;
Wave[41] = 0.544921875;
Wave[42] = 0.4120483398;
Wave[43] = 0.24609375;
Wave[44] = -0.0393676758;
Wave[45] = -0.2897949219;
Wave[46] = -0.4046325684;
Wave[47] = -0.4711914062;
Wave[48] = -0.5910949707;
Wave[49] = -0.6372680664;
Wave[50] = -0.5359191895;
Wave[51] = -0.4030456543;
Wave[52] = -0.3571777344;
Wave[53] = -0.2694702148;
Wave[54] = -0.1065063477;
Wave[55] = 0.033782959;
Wave[56] = 0.1329956055;
Wave[57] = 0.1589050293;
Wave[58] = 0.2664794922;
Wave[59] = 0.3874511719;
Wave[60] = 0.3078918457;
Wave[61] = 0.1270141602;
Wave[62] = 0.013092041;
Wave[63] = -0.1328735352;
Wave[64] = -0.3886108398;
Wave[65] = -0.6385803223;
Wave[66] = -0.7606811523;
Wave[67] = -0.8405151367;
Wave[68] = -0.9469909668;
Wave[69] = -0.9935302734;
Wave[70] = -0.9107666016;
Wave[71] = -0.8042297363;
Wave[72] = -0.7509765625;
Wave[73] = -0.6936950684;
Wave[74] = -0.5625305176;
Wave[75] = -0.4398498535;
Wave[76] = -0.380279541;
Wave[77] = -0.3071289062;
Wave[78] = -0.2066650391;
Wave[79] = -0.1233825684;
Wave[80] = -0.1149291992;
Wave[81] = -0.1209716797;
Wave[82] = -0.1413269043;
Wave[83] = -0.1947631836;
Wave[84] = -0.3121948242;
Wave[85] = -0.4520263672;
Wave[86] = -0.5651550293;
Wave[87] = -0.666015625;
Wave[88] = -0.7552185059;
Wave[89] = -0.8229675293;
Wave[90] = -0.8250732422;
Wave[91] = -0.7944335938;
Wave[92] = -0.774597168;
Wave[93] = -0.755645752;
Wave[94] = -0.6872558594;
Wave[95] = -0.5846252441;
Wave[96] = -0.5012512207;
Wave[97] = -0.4166259766;
Wave[98] = -0.2753295898;
Wave[99] = -0.0855712891;
Wave[100] = 0.0516967773;
Wave[101] = 0.1383361816;
Wave[102] = 0.2552490234;
Wave[103] = 0.3486022949;
Wave[104] = 0.3078918457;
Wave[105] = 0.1828918457;
Wave[106] = 0.0808410645;
Wave[107] = -0.0140991211;
Wave[108] = -0.2077331543;
Wave[109] = -0.4100646973;
Wave[110] = -0.478515625;
Wave[111] = -0.4839172363;
Wave[112] = -0.5491333008;
Wave[113] = -0.5643005371;
Wave[114] = -0.4259338379;
Wave[115] = -0.2588806152;
Wave[116] = -0.1747741699;
Wave[117] = -0.0499572754;
Wave[118] = 0.150390625;
Wave[119] = 0.3320922852;
Wave[120] = 0.5113220215;
Wave[121] = 0.6087646484;
Wave[122] = 0.7645874023;
Wave[123] = 0.9038085938;
Wave[124] = 0.8977661133;
Wave[125] = 0.7909545898;
Wave[126] = 0.7231750488;
Wave[127] = 0.4335327148;
Selected.WaveTable.set(1, Wave);

?>
