#defaults=no
#cm=OSC
Wave=2
<?

float Wave[128];
Wave[0] = -0.2615356445;
Wave[1] = -0.2182922363;
Wave[2] = -0.2316589355;
Wave[3] = -0.2803649902;
Wave[4] = -0.2532653809;
Wave[5] = -0.3143310547;
Wave[6] = -0.3548278809;
Wave[7] = -0.4047546387;
Wave[8] = -0.434387207;
Wave[9] = -0.4602966309;
Wave[10] = -0.4273986816;
Wave[11] = -0.4283752441;
Wave[12] = -0.4065856934;
Wave[13] = -0.4079284668;
Wave[14] = -0.4733886719;
Wave[15] = -0.4183959961;
Wave[16] = -0.4971313477;
Wave[17] = -0.5430297852;
Wave[18] = -0.4710083008;
Wave[19] = -0.5050048828;
Wave[20] = -0.5110778809;
Wave[21] = -0.5172729492;
Wave[22] = -0.6127929688;
Wave[23] = -0.6301269531;
Wave[24] = -0.5608825684;
Wave[25] = -0.5385437012;
Wave[26] = -0.3709716797;
Wave[27] = -0.1871032715;
Wave[28] = -0.0168762207;
Wave[29] = 0.125;
Wave[30] = 0.2367248535;
Wave[31] = 0.2641601562;
Wave[32] = 0.2387695312;
Wave[33] = 0.2294006348;
Wave[34] = 0.1994018555;
Wave[35] = 0.2381591797;
Wave[36] = 0.2427368164;
Wave[37] = 0.229309082;
Wave[38] = 0.3216247559;
Wave[39] = 0.4692077637;
Wave[40] = 0.6399841309;
Wave[41] = 0.8050537109;
Wave[42] = 0.9715881348;
Wave[43] = 0.9421691895;
Wave[44] = 0.9611206055;
Wave[45] = 0.9213562012;
Wave[46] = 0.7815856934;
Wave[47] = 0.8157653809;
Wave[48] = 0.7278442383;
Wave[49] = 0.6671142578;
Wave[50] = 0.7044067383;
Wave[51] = 0.6820373535;
Wave[52] = 0.5636291504;
Wave[53] = 0.5765075684;
Wave[54] = 0.4385375977;
Wave[55] = 0.4679260254;
Wave[56] = 0.4539489746;
Wave[57] = 0.4338989258;
Wave[58] = 0.4653930664;
Wave[59] = 0.4630737305;
Wave[60] = 0.3294677734;
Wave[61] = 0.2911682129;
Wave[62] = 0.2498779297;
Wave[63] = 0.1278381348;
Wave[64] = 0.1907653809;
Wave[65] = 0.0567626953;
Wave[66] = 0.0844421387;
Wave[67] = 0.1166381836;
Wave[68] = 0.0887451172;
Wave[69] = 0.0477294922;
Wave[70] = 0.1250610352;
Wave[71] = 0.0599060059;
Wave[72] = 0.0171203613;
Wave[73] = 0.0199279785;
Wave[74] = -0.0361938477;
Wave[75] = -0.0166320801;
Wave[76] = 0.0005187988;
Wave[77] = -0.0084228516;
Wave[78] = 0.045501709;
Wave[79] = 0.0752258301;
Wave[80] = 0.0263061523;
Wave[81] = 0.0048828125;
Wave[82] = -0.046661377;
Wave[83] = -0.0484008789;
Wave[84] = -0.1267700195;
Wave[85] = -0.1427001953;
Wave[86] = -0.1689758301;
Wave[87] = -0.0979003906;
Wave[88] = -0.1631774902;
Wave[89] = -0.1075134277;
Wave[90] = -0.0790710449;
Wave[91] = -0.0628051758;
Wave[92] = -0.0424194336;
Wave[93] = -0.0708618164;
Wave[94] = -0.0480041504;
Wave[95] = -0.0952453613;
Wave[96] = -0.0911254883;
Wave[97] = -0.1418457031;
Wave[98] = -0.0750732422;
Wave[99] = -0.0954284668;
Wave[100] = -0.0625610352;
Wave[101] = -0.1455993652;
Wave[102] = -0.1588134766;
Wave[103] = -0.1196289062;
Wave[104] = -0.1857299805;
Wave[105] = -0.1720275879;
Wave[106] = -0.1112365723;
Wave[107] = -0.0885009766;
Wave[108] = -0.0862121582;
Wave[109] = -0.0571899414;
Wave[110] = -0.1015930176;
Wave[111] = -0.1078186035;
Wave[112] = -0.0880737305;
Wave[113] = -0.1761169434;
Wave[114] = -0.1757507324;
Wave[115] = -0.1868286133;
Wave[116] = -0.2326049805;
Wave[117] = -0.1800231934;
Wave[118] = -0.2291564941;
Wave[119] = -0.1594543457;
Wave[120] = -0.1848754883;
Wave[121] = -0.1278076172;
Wave[122] = -0.1738586426;
Wave[123] = -0.1368408203;
Wave[124] = -0.185760498;
Wave[125] = -0.2000427246;
Wave[126] = -0.2078552246;
Wave[127] = -0.1648254395;
Selected.WaveTable.set(1, Wave);

?>
