#defaults=no
#cm=OSC
Wave=2
<?

float Wave[128];
Wave[0] = -0.1333007812;
Wave[1] = -0.1264953613;
Wave[2] = -0.1000671387;
Wave[3] = -0.0469360352;
Wave[4] = 0.0127258301;
Wave[5] = 0.0496520996;
Wave[6] = 0.054473877;
Wave[7] = 0.0332946777;
Wave[8] = 0.0113525391;
Wave[9] = 0.0046691895;
Wave[10] = 0.0146789551;
Wave[11] = 0.0243530273;
Wave[12] = 0.0159301758;
Wave[13] = -0.0210266113;
Wave[14] = -0.0842590332;
Wave[15] = -0.1545715332;
Wave[16] = -0.2045593262;
Wave[17] = -0.2171936035;
Wave[18] = -0.1956787109;
Wave[19] = -0.1709899902;
Wave[20] = -0.1648864746;
Wave[21] = -0.1754760742;
Wave[22] = -0.1882629395;
Wave[23] = -0.1874084473;
Wave[24] = -0.1761779785;
Wave[25] = -0.1665649414;
Wave[26] = -0.1752929688;
Wave[27] = -0.2059020996;
Wave[28] = -0.2456359863;
Wave[29] = -0.2785339355;
Wave[30] = -0.3037414551;
Wave[31] = -0.3412475586;
Wave[32] = -0.4124755859;
Wave[33] = -0.4937438965;
Wave[34] = -0.5480041504;
Wave[35] = -0.5673828125;
Wave[36] = -0.5773010254;
Wave[37] = -0.5855712891;
Wave[38] = -0.5650634766;
Wave[39] = -0.4940795898;
Wave[40] = -0.3941650391;
Wave[41] = -0.2796630859;
Wave[42] = -0.1545410156;
Wave[43] = -0.0233764648;
Wave[44] = 0.0859069824;
Wave[45] = 0.1538391113;
Wave[46] = 0.2016906738;
Wave[47] = 0.2398071289;
Wave[48] = 0.263458252;
Wave[49] = 0.2754516602;
Wave[50] = 0.2817077637;
Wave[51] = 0.2824707031;
Wave[52] = 0.2760620117;
Wave[53] = 0.2608642578;
Wave[54] = 0.2333374023;
Wave[55] = 0.1954650879;
Wave[56] = 0.1571350098;
Wave[57] = 0.1150512695;
Wave[58] = 0.0729675293;
Wave[59] = 0.0325927734;
Wave[60] = 0.0165710449;
Wave[61] = 0.0263977051;
Wave[62] = 0.0573425293;
Wave[63] = 0.0838928223;
Wave[64] = 0.0902404785;
Wave[65] = 0.0511169434;
Wave[66] = -0.0625610352;
Wave[67] = -0.2402038574;
Wave[68] = -0.4489440918;
Wave[69] = -0.602722168;
Wave[70] = -0.6508789062;
Wave[71] = -0.6187438965;
Wave[72] = -0.564239502;
Wave[73] = -0.4310302734;
Wave[74] = -0.0758056641;
Wave[75] = 0.4915161133;
Wave[76] = 0.9059143066;
Wave[77] = 0.9352416992;
Wave[78] = 0.7039794922;
Wave[79] = 0.5241699219;
Wave[80] = 0.4964599609;
Wave[81] = 0.4898681641;
Wave[82] = 0.4192199707;
Wave[83] = 0.3326721191;
Wave[84] = 0.3132019043;
Wave[85] = 0.3641357422;
Wave[86] = 0.4364624023;
Wave[87] = 0.4772033691;
Wave[88] = 0.4857788086;
Wave[89] = 0.4748535156;
Wave[90] = 0.4567260742;
Wave[91] = 0.4372558594;
Wave[92] = 0.4217224121;
Wave[93] = 0.4154663086;
Wave[94] = 0.4069213867;
Wave[95] = 0.3832092285;
Wave[96] = 0.3280944824;
Wave[97] = 0.2552185059;
Wave[98] = 0.1803588867;
Wave[99] = 0.1152648926;
Wave[100] = 0.0652770996;
Wave[101] = 0.0307006836;
Wave[102] = 0.0074768066;
Wave[103] = -0.0020141602;
Wave[104] = 0.0007629395;
Wave[105] = 0.0002441406;
Wave[106] = -0.001159668;
Wave[107] = 0.001953125;
Wave[108] = 0.002532959;
Wave[109] = -0.0130310059;
Wave[110] = -0.0304870605;
Wave[111] = -0.0350036621;
Wave[112] = -0.0362243652;
Wave[113] = -0.0567321777;
Wave[114] = -0.0863647461;
Wave[115] = -0.1048583984;
Wave[116] = -0.1135253906;
Wave[117] = -0.140625;
Wave[118] = -0.1870117188;
Wave[119] = -0.2288818359;
Wave[120] = -0.2359313965;
Wave[121] = -0.21484375;
Wave[122] = -0.1921386719;
Wave[123] = -0.1880493164;
Wave[124] = -0.1959533691;
Wave[125] = -0.1926269531;
Wave[126] = -0.1690979004;
Wave[127] = -0.1305847168;
Selected.WaveTable.set(1, Wave);

?>
