#defaults=no
#cm=OSC
Wave=2
<?

float Wave[128];
Wave[0] = 0.2880859375;
Wave[1] = 0.2254943848;
Wave[2] = -0.2588500977;
Wave[3] = -0.3975219727;
Wave[4] = -0.1392822266;
Wave[5] = -0.1831665039;
Wave[6] = -0.2010498047;
Wave[7] = 0.2782897949;
Wave[8] = 0.5494384766;
Wave[9] = 0.3667602539;
Wave[10] = 0.5703735352;
Wave[11] = 0.8908996582;
Wave[12] = 0.5704956055;
Wave[13] = 0.1840515137;
Wave[14] = 0.2014160156;
Wave[15] = 0.1730041504;
Wave[16] = 0.2229003906;
Wave[17] = 0.6844787598;
Wave[18] = 0.9976196289;
Wave[19] = 0.8538818359;
Wave[20] = 0.7073364258;
Wave[21] = 0.6098937988;
Wave[22] = 0.4708862305;
Wave[23] = 0.4653320312;
Wave[24] = 0.5312805176;
Wave[25] = 0.2874755859;
Wave[26] = -0.1263122559;
Wave[27] = -0.2509460449;
Wave[28] = -0.1825561523;
Wave[29] = -0.0707092285;
Wave[30] = 0.1192016602;
Wave[31] = 0.123046875;
Wave[32] = -0.0859985352;
Wave[33] = -0.2294616699;
Wave[34] = -0.3468017578;
Wave[35] = -0.3577270508;
Wave[36] = -0.1045227051;
Wave[37] = 0.1022949219;
Wave[38] = 0.0238647461;
Wave[39] = -0.074798584;
Wave[40] = 0.012512207;
Wave[41] = 0.0198364258;
Wave[42] = -0.1182250977;
Wave[43] = 0.0012512207;
Wave[44] = 0.2190551758;
Wave[45] = 0.1154785156;
Wave[46] = 0.0085144043;
Wave[47] = 0.0805664062;
Wave[48] = -0.0113220215;
Wave[49] = -0.1785583496;
Wave[50] = -0.2324829102;
Wave[51] = -0.1827392578;
Wave[52] = -0.0789794922;
Wave[53] = -0.023223877;
Wave[54] = 0.0006103516;
Wave[55] = -0.0693054199;
Wave[56] = -0.1706237793;
Wave[57] = -0.2262878418;
Wave[58] = -0.3232727051;
Wave[59] = -0.3077697754;
Wave[60] = -0.1781005859;
Wave[61] = -0.2160644531;
Wave[62] = -0.2809143066;
Wave[63] = -0.1387939453;
Wave[64] = 0.0020141602;
Wave[65] = 0.040802002;
Wave[66] = 0.0662536621;
Wave[67] = -0.0061950684;
Wave[68] = -0.2234802246;
Wave[69] = -0.4045410156;
Wave[70] = -0.3261413574;
Wave[71] = -0.1643981934;
Wave[72] = -0.134765625;
Wave[73] = -0.0729370117;
Wave[74] = -0.193145752;
Wave[75] = -0.4593505859;
Wave[76] = -0.4484863281;
Wave[77] = -0.2955932617;
Wave[78] = -0.2013244629;
Wave[79] = -0.245300293;
Wave[80] = -0.3232421875;
Wave[81] = -0.3598632812;
Wave[82] = -0.3498535156;
Wave[83] = -0.1687316895;
Wave[84] = 0.1240234375;
Wave[85] = 0.1424255371;
Wave[86] = -0.0816955566;
Wave[87] = -0.2323303223;
Wave[88] = -0.2212524414;
Wave[89] = -0.1087341309;
Wave[90] = 0.0409240723;
Wave[91] = 0.1139831543;
Wave[92] = 0.1380004883;
Wave[93] = -0.0963134766;
Wave[94] = -0.4356689453;
Wave[95] = -0.3568725586;
Wave[96] = -0.1835021973;
Wave[97] = -0.3109436035;
Wave[98] = -0.4098510742;
Wave[99] = -0.2708435059;
Wave[100] = -0.2819519043;
Wave[101] = -0.4749145508;
Wave[102] = -0.1826171875;
Wave[103] = 0.1949157715;
Wave[104] = -0.1926879883;
Wave[105] = -0.5477294922;
Wave[106] = -0.3559875488;
Wave[107] = -0.412322998;
Wave[108] = -0.485168457;
Wave[109] = 0.0892333984;
Wave[110] = 0.537109375;
Wave[111] = 0.3156738281;
Wave[112] = 0.1860961914;
Wave[113] = 0.3232421875;
Wave[114] = 0.2171020508;
Wave[115] = 0.0666503906;
Wave[116] = 0.2601928711;
Wave[117] = 0.3639831543;
Wave[118] = 0.1989135742;
Wave[119] = 0.2359313965;
Wave[120] = 0.3692932129;
Wave[121] = 0.3685913086;
Wave[122] = 0.329284668;
Wave[123] = 0.1533508301;
Wave[124] = -0.0436706543;
Wave[125] = 0.0096740723;
Wave[126] = 0.0650634766;
Wave[127] = 0.2309570312;
Selected.WaveTable.set(1, Wave);

?>
