#defaults=no
#cm=OSC
Wave=2
<?

float Wave[128];
Wave[0] = 0.8674926758;
Wave[1] = 0.8252868652;
Wave[2] = 0.7903747559;
Wave[3] = 0.763092041;
Wave[4] = 0.7508850098;
Wave[5] = 0.7561035156;
Wave[6] = 0.7510986328;
Wave[7] = 0.7196960449;
Wave[8] = 0.6896362305;
Wave[9] = 0.6797485352;
Wave[10] = 0.6633605957;
Wave[11] = 0.6190795898;
Wave[12] = 0.5659790039;
Wave[13] = 0.5422973633;
Wave[14] = 0.5315551758;
Wave[15] = 0.5252075195;
Wave[16] = 0.5252075195;
Wave[17] = 0.5437316895;
Wave[18] = 0.5574645996;
Wave[19] = 0.5735778809;
Wave[20] = 0.6210632324;
Wave[21] = 0.6631469727;
Wave[22] = 0.6575012207;
Wave[23] = 0.612701416;
Wave[24] = 0.5709838867;
Wave[25] = 0.524810791;
Wave[26] = 0.4548339844;
Wave[27] = 0.3866882324;
Wave[28] = 0.3533935547;
Wave[29] = 0.3481445312;
Wave[30] = 0.3612976074;
Wave[31] = 0.4135131836;
Wave[32] = 0.4918518066;
Wave[33] = 0.5502624512;
Wave[34] = 0.5844421387;
Wave[35] = 0.6166381836;
Wave[36] = 0.6430358887;
Wave[37] = 0.6318359375;
Wave[38] = 0.5979003906;
Wave[39] = 0.5659790039;
Wave[40] = 0.5276794434;
Wave[41] = 0.4575500488;
Wave[42] = 0.3695983887;
Wave[43] = 0.281463623;
Wave[44] = 0.1760559082;
Wave[45] = 0.0458068848;
Wave[46] = -0.0700073242;
Wave[47] = -0.1463928223;
Wave[48] = -0.1984863281;
Wave[49] = -0.2297973633;
Wave[50] = -0.2181091309;
Wave[51] = -0.1659545898;
Wave[52] = -0.1018066406;
Wave[53] = -0.0413513184;
Wave[54] = 0.016418457;
Wave[55] = 0.0500488281;
Wave[56] = 0.0322265625;
Wave[57] = -0.016784668;
Wave[58] = -0.0696411133;
Wave[59] = -0.1459655762;
Wave[60] = -0.274230957;
Wave[61] = -0.4223632812;
Wave[62] = -0.5431213379;
Wave[63] = -0.644317627;
Wave[64] = -0.7409973145;
Wave[65] = -0.8146057129;
Wave[66] = -0.8304138184;
Wave[67] = -0.7948608398;
Wave[68] = -0.7174377441;
Wave[69] = -0.59375;
Wave[70] = -0.4561767578;
Wave[71] = -0.3563232422;
Wave[72] = -0.2995605469;
Wave[73] = -0.2557678223;
Wave[74] = -0.2406921387;
Wave[75] = -0.2854614258;
Wave[76] = -0.3709106445;
Wave[77] = -0.4431152344;
Wave[78] = -0.4946289062;
Wave[79] = -0.5287780762;
Wave[80] = -0.5271911621;
Wave[81] = -0.4943847656;
Wave[82] = -0.470703125;
Wave[83] = -0.464050293;
Wave[84] = -0.4428405762;
Wave[85] = -0.4131774902;
Wave[86] = -0.423034668;
Wave[87] = -0.474395752;
Wave[88] = -0.5185852051;
Wave[89] = -0.5376586914;
Wave[90] = -0.5604858398;
Wave[91] = -0.5964050293;
Wave[92] = -0.6309204102;
Wave[93] = -0.6709594727;
Wave[94] = -0.7178344727;
Wave[95] = -0.7483825684;
Wave[96] = -0.759979248;
Wave[97] = -0.7893676758;
Wave[98] = -0.8509216309;
Wave[99] = -0.9030456543;
Wave[100] = -0.9114990234;
Wave[101] = -0.9169006348;
Wave[102] = -0.9516906738;
Wave[103] = -0.9902038574;
Wave[104] = -0.9914855957;
Wave[105] = -0.9503173828;
Wave[106] = -0.8479919434;
Wave[107] = -0.6735839844;
Wave[108] = -0.4613037109;
Wave[109] = -0.2612609863;
Wave[110] = -0.0635681152;
Wave[111] = 0.1357421875;
Wave[112] = 0.2754821777;
Wave[113] = 0.2933959961;
Wave[114] = 0.2183532715;
Wave[115] = 0.1112976074;
Wave[116] = 0.0033874512;
Wave[117] = -0.0797729492;
Wave[118] = -0.1046142578;
Wave[119] = -0.0669250488;
Wave[120] = 0.0129089355;
Wave[121] = 0.1517028809;
Wave[122] = 0.359375;
Wave[123] = 0.5688476562;
Wave[124] = 0.7070617676;
Wave[125] = 0.7819213867;
Wave[126] = 0.8401794434;
Wave[127] = 0.8735046387;
Selected.WaveTable.set(1, Wave);

?>
