#defaults=no
#cm=OSC
Wave=2
<?

float Wave[128];
Wave[0] = 0.9424438477;
Wave[1] = 0.7239685059;
Wave[2] = 0.6481323242;
Wave[3] = 0.8347167969;
Wave[4] = 0.9164733887;
Wave[5] = 0.8471069336;
Wave[6] = 0.8681030273;
Wave[7] = 0.8425292969;
Wave[8] = 0.8323974609;
Wave[9] = 0.8002319336;
Wave[10] = 0.8018188477;
Wave[11] = 0.715423584;
Wave[12] = 0.7146911621;
Wave[13] = 0.7612304688;
Wave[14] = 0.6853027344;
Wave[15] = 0.6997070312;
Wave[16] = 0.664276123;
Wave[17] = 0.6539306641;
Wave[18] = 0.6668701172;
Wave[19] = 0.6264038086;
Wave[20] = 0.5704040527;
Wave[21] = 0.4454956055;
Wave[22] = 0.4888916016;
Wave[23] = 0.4471740723;
Wave[24] = 0.3990478516;
Wave[25] = 0.3297729492;
Wave[26] = 0.3825073242;
Wave[27] = 0.511932373;
Wave[28] = 0.4711914062;
Wave[29] = 0.2789611816;
Wave[30] = 0.1837158203;
Wave[31] = 0.4292602539;
Wave[32] = 0.2382507324;
Wave[33] = 0.006652832;
Wave[34] = 0.2164306641;
Wave[35] = 0.3269958496;
Wave[36] = 0.1458740234;
Wave[37] = -0.0229797363;
Wave[38] = -0.1648864746;
Wave[39] = -0.1964416504;
Wave[40] = -0.1800842285;
Wave[41] = -0.058380127;
Wave[42] = 0.0397033691;
Wave[43] = -0.0966491699;
Wave[44] = -0.4332580566;
Wave[45] = -0.3936767578;
Wave[46] = -0.093963623;
Wave[47] = -0.463470459;
Wave[48] = -0.6098937988;
Wave[49] = -0.234161377;
Wave[50] = -0.4413146973;
Wave[51] = -0.7817077637;
Wave[52] = -0.7191772461;
Wave[53] = -0.5715026855;
Wave[54] = -0.4843139648;
Wave[55] = -0.5081176758;
Wave[56] = -0.582244873;
Wave[57] = -0.7396240234;
Wave[58] = -0.9014282227;
Wave[59] = -0.9006347656;
Wave[60] = -0.7088623047;
Wave[61] = -0.6064758301;
Wave[62] = -0.9260864258;
Wave[63] = -0.8702697754;
Wave[64] = -0.6488342285;
Wave[65] = -0.808807373;
Wave[66] = -0.9504394531;
Wave[67] = -0.8079833984;
Wave[68] = -0.7016601562;
Wave[69] = -0.6596069336;
Wave[70] = -0.7378234863;
Wave[71] = -0.7249450684;
Wave[72] = -0.7055969238;
Wave[73] = -0.6816101074;
Wave[74] = -0.767791748;
Wave[75] = -0.8002624512;
Wave[76] = -0.7456054688;
Wave[77] = -0.7252807617;
Wave[78] = -0.6799316406;
Wave[79] = -0.6987609863;
Wave[80] = -0.6576843262;
Wave[81] = -0.6697387695;
Wave[82] = -0.5872802734;
Wave[83] = -0.5693054199;
Wave[84] = -0.6524353027;
Wave[85] = -0.5692749023;
Wave[86] = -0.5851135254;
Wave[87] = -0.5444641113;
Wave[88] = -0.5303649902;
Wave[89] = -0.5088195801;
Wave[90] = -0.4728088379;
Wave[91] = -0.3878173828;
Wave[92] = -0.1909790039;
Wave[93] = -0.2659301758;
Wave[94] = -0.4158325195;
Wave[95] = -0.1791687012;
Wave[96] = -0.0320129395;
Wave[97] = -0.2814941406;
Wave[98] = -0.2063903809;
Wave[99] = 0.0941162109;
Wave[100] = 0.1422729492;
Wave[101] = -0.0438842773;
Wave[102] = -0.1050415039;
Wave[103] = -0.0972900391;
Wave[104] = -0.0298156738;
Wave[105] = 0.1065979004;
Wave[106] = 0.3355407715;
Wave[107] = 0.433807373;
Wave[108] = 0.2091674805;
Wave[109] = 0.059967041;
Wave[110] = 0.438293457;
Wave[111] = 0.4930419922;
Wave[112] = 0.1359863281;
Wave[113] = 0.4433288574;
Wave[114] = 0.6701660156;
Wave[115] = 0.3525085449;
Wave[116] = 0.2821960449;
Wave[117] = 0.5227966309;
Wave[118] = 0.7123413086;
Wave[119] = 0.7683105469;
Wave[120] = 0.7769470215;
Wave[121] = 0.7294311523;
Wave[122] = 0.5971374512;
Wave[123] = 0.4873962402;
Wave[124] = 0.6606140137;
Wave[125] = 0.9072875977;
Wave[126] = 0.7534790039;
Wave[127] = 0.8356628418;
Selected.WaveTable.set(1, Wave);

?>
