#defaults=no
#cm=OSC
Wave=2
<?

float Wave[128];
Wave[0] = 0.0401000977;
Wave[1] = -0.0304870605;
Wave[2] = -0.0280151367;
Wave[3] = -0.0274963379;
Wave[4] = -0.026763916;
Wave[5] = -0.0260314941;
Wave[6] = -0.0257873535;
Wave[7] = -0.0255737305;
Wave[8] = -0.0254821777;
Wave[9] = -0.0255126953;
Wave[10] = -0.0247497559;
Wave[11] = -0.0250549316;
Wave[12] = -0.0242004395;
Wave[13] = -0.0238037109;
Wave[14] = -0.0235595703;
Wave[15] = -0.0234375;
Wave[16] = -0.0239257812;
Wave[17] = -0.0235900879;
Wave[18] = -0.023651123;
Wave[19] = -0.0234985352;
Wave[20] = -0.0232543945;
Wave[21] = -0.0230712891;
Wave[22] = -0.0232543945;
Wave[23] = -0.0237121582;
Wave[24] = -0.0237121582;
Wave[25] = -0.0239868164;
Wave[26] = -0.0232849121;
Wave[27] = -0.0231323242;
Wave[28] = -0.0224914551;
Wave[29] = -0.024017334;
Wave[30] = -0.3215332031;
Wave[31] = -0.3285522461;
Wave[32] = -0.4777832031;
Wave[33] = -0.3770446777;
Wave[34] = -0.4206848145;
Wave[35] = -0.3961791992;
Wave[36] = -0.3391723633;
Wave[37] = 0.3004760742;
Wave[38] = -0.0540161133;
Wave[39] = -0.012298584;
Wave[40] = 0.0212097168;
Wave[41] = 0.7967529297;
Wave[42] = 0.2772216797;
Wave[43] = 0.2586669922;
Wave[44] = 0.5927429199;
Wave[45] = 0.5718078613;
Wave[46] = 0.436340332;
Wave[47] = 0.464630127;
Wave[48] = 0.4435119629;
Wave[49] = 0.4131469727;
Wave[50] = -0.3101196289;
Wave[51] = 0.1709289551;
Wave[52] = 0.175994873;
Wave[53] = 0.1707763672;
Wave[54] = 0.1376647949;
Wave[55] = 0.0944824219;
Wave[56] = -0.4873046875;
Wave[57] = -0.0879821777;
Wave[58] = 0.1021728516;
Wave[59] = -0.3731079102;
Wave[60] = -0.317199707;
Wave[61] = -0.2427368164;
Wave[62] = -0.2506408691;
Wave[63] = -0.251953125;
Wave[64] = -0.2439880371;
Wave[65] = -0.2487487793;
Wave[66] = -0.2448120117;
Wave[67] = -0.2433166504;
Wave[68] = -0.2421569824;
Wave[69] = -0.2383422852;
Wave[70] = -0.0064697266;
Wave[71] = -0.0829772949;
Wave[72] = -0.0007324219;
Wave[73] = -0.0118103027;
Wave[74] = 0.430480957;
Wave[75] = 0.6784973145;
Wave[76] = 0.5077514648;
Wave[77] = -0.1460571289;
Wave[78] = 0.1273803711;
Wave[79] = -0.3862609863;
Wave[80] = -0.0666809082;
Wave[81] = -0.0681152344;
Wave[82] = -0.0698547363;
Wave[83] = -0.0691833496;
Wave[84] = -0.0678405762;
Wave[85] = -0.0660095215;
Wave[86] = -0.0652770996;
Wave[87] = -0.0498046875;
Wave[88] = 0.1444702148;
Wave[89] = -0.1189575195;
Wave[90] = -0.0914001465;
Wave[91] = -0.0926818848;
Wave[92] = -0.0881958008;
Wave[93] = -0.1145935059;
Wave[94] = -0.5904846191;
Wave[95] = -0.2972717285;
Wave[96] = -0.6123657227;
Wave[97] = -0.4136962891;
Wave[98] = -0.4391479492;
Wave[99] = -0.4083557129;
Wave[100] = -0.3750610352;
Wave[101] = -0.3219604492;
Wave[102] = -0.2743530273;
Wave[103] = 0.1850585938;
Wave[104] = 0.0950622559;
Wave[105] = 0.7350769043;
Wave[106] = 0.3121643066;
Wave[107] = 0.3081970215;
Wave[108] = 0.3081970215;
Wave[109] = 0.2819213867;
Wave[110] = 0.292388916;
Wave[111] = 0.2893066406;
Wave[112] = 0.285949707;
Wave[113] = 0.2767028809;
Wave[114] = -0.1174621582;
Wave[115] = 0.1041870117;
Wave[116] = 0.0945129395;
Wave[117] = -0.0545654297;
Wave[118] = -0.0100708008;
Wave[119] = 0.0006713867;
Wave[120] = 0.0254211426;
Wave[121] = 0.0393066406;
Wave[122] = 0.3269348145;
Wave[123] = 0.0863037109;
Wave[124] = 0.1200561523;
Wave[125] = 0.1088562012;
Wave[126] = 0.284362793;
Wave[127] = 0.1715393066;
Selected.WaveTable.set(1, Wave);

?>
