#defaults=no
#cm=OSC
Wave=2
<?

float Wave[128];
Wave[0] = 0.1996154785;
Wave[1] = 0.0131530762;
Wave[2] = -0.0567016602;
Wave[3] = 0.0375061035;
Wave[4] = 0.2286987305;
Wave[5] = 0.1719665527;
Wave[6] = -0.3444519043;
Wave[7] = -0.3970031738;
Wave[8] = -0.0141906738;
Wave[9] = 0.0438537598;
Wave[10] = -0.0098266602;
Wave[11] = -0.0766906738;
Wave[12] = -0.1367492676;
Wave[13] = -0.1952514648;
Wave[14] = -0.2433166504;
Wave[15] = -0.1991882324;
Wave[16] = -0.5166015625;
Wave[17] = -0.9955444336;
Wave[18] = -0.8328857422;
Wave[19] = -0.7658691406;
Wave[20] = -0.7383728027;
Wave[21] = -0.6795043945;
Wave[22] = -0.600402832;
Wave[23] = -0.5129699707;
Wave[24] = -0.3625793457;
Wave[25] = 0.0165100098;
Wave[26] = 0.2401733398;
Wave[27] = -0.3259887695;
Wave[28] = -0.5130310059;
Wave[29] = -0.4062194824;
Wave[30] = -0.2935791016;
Wave[31] = -0.3433837891;
Wave[32] = -0.5125732422;
Wave[33] = -0.7177429199;
Wave[34] = -0.8363342285;
Wave[35] = -0.5730895996;
Wave[36] = 0.0104675293;
Wave[37] = 0.0285949707;
Wave[38] = 0.0573730469;
Wave[39] = 0.1513671875;
Wave[40] = 0.1256713867;
Wave[41] = 0.1630554199;
Wave[42] = 0.0685424805;
Wave[43] = -0.2507324219;
Wave[44] = -0.6080932617;
Wave[45] = -0.6483764648;
Wave[46] = -0.2333374023;
Wave[47] = 0.0274353027;
Wave[48] = -0.1029052734;
Wave[49] = -0.4219055176;
Wave[50] = -0.429107666;
Wave[51] = -0.0734863281;
Wave[52] = 0.1674194336;
Wave[53] = -0.0701293945;
Wave[54] = -0.4506530762;
Wave[55] = -0.6632385254;
Wave[56] = -0.6088867188;
Wave[57] = -0.5387878418;
Wave[58] = -0.6011962891;
Wave[59] = -0.5347290039;
Wave[60] = -0.5370178223;
Wave[61] = -0.2369689941;
Wave[62] = 0.3059387207;
Wave[63] = 0.3258666992;
Wave[64] = 0.1183166504;
Wave[65] = -0.0715026855;
Wave[66] = -0.1520996094;
Wave[67] = -0.0631713867;
Wave[68] = 0.1947937012;
Wave[69] = 0.3553771973;
Wave[70] = 0.0922851562;
Wave[71] = -0.136932373;
Wave[72] = 0.4038391113;
Wave[73] = 0.7079772949;
Wave[74] = 0.8116760254;
Wave[75] = 0.8606567383;
Wave[76] = 0.8881530762;
Wave[77] = 0.8944702148;
Wave[78] = 0.87109375;
Wave[79] = 0.9026184082;
Wave[80] = 0.7964477539;
Wave[81] = 0.1541137695;
Wave[82] = 0.1625366211;
Wave[83] = 0.232421875;
Wave[84] = 0.1931762695;
Wave[85] = 0.1713562012;
Wave[86] = 0.1795349121;
Wave[87] = 0.2034912109;
Wave[88] = 0.2744140625;
Wave[89] = 0.5264892578;
Wave[90] = 0.9189453125;
Wave[91] = 0.5315856934;
Wave[92] = 0.1870117188;
Wave[93] = 0.2526550293;
Wave[94] = 0.4335327148;
Wave[95] = 0.4678344727;
Wave[96] = 0.347869873;
Wave[97] = 0.1488952637;
Wave[98] = -0.0376281738;
Wave[99] = 0.0145568848;
Wave[100] = 0.5387268066;
Wave[101] = 0.716583252;
Wave[102] = 0.5989379883;
Wave[103] = 0.6798095703;
Wave[104] = 0.6317138672;
Wave[105] = 0.6324462891;
Wave[106] = 0.594543457;
Wave[107] = 0.3451538086;
Wave[108] = -0.0239257812;
Wave[109] = -0.2060546875;
Wave[110] = 0.1008605957;
Wave[111] = 0.4781494141;
Wave[112] = 0.4573364258;
Wave[113] = 0.1080932617;
Wave[114] = -0.0907592773;
Wave[115] = 0.0900878906;
Wave[116] = 0.3740539551;
Wave[117] = 0.211730957;
Wave[118] = -0.2248535156;
Wave[119] = -0.5660705566;
Wave[120] = -0.620300293;
Wave[121] = -0.5246276855;
Wave[122] = -0.5528869629;
Wave[123] = -0.5233154297;
Wave[124] = -0.4466552734;
Wave[125] = -0.3210449219;
Wave[126] = 0.296081543;
Wave[127] = 0.3575439453;
Selected.WaveTable.set(1, Wave);

?>
