#defaults=no
#cm=OSC
Wave=2
<?

float Wave[128];
Wave[0] = 0.7068786621;
Wave[1] = 0.7350158691;
Wave[2] = 0.7121887207;
Wave[3] = 0.0176086426;
Wave[4] = -0.1101379395;
Wave[5] = -0.02734375;
Wave[6] = 0.1549987793;
Wave[7] = 0.2079772949;
Wave[8] = -0.0607910156;
Wave[9] = 0.0955200195;
Wave[10] = 0.8114624023;
Wave[11] = 0.7869262695;
Wave[12] = 0.5559692383;
Wave[13] = 0.2666931152;
Wave[14] = 0.4420776367;
Wave[15] = 0.8610229492;
Wave[16] = 0.8237304688;
Wave[17] = 0.1455993652;
Wave[18] = 0.1951293945;
Wave[19] = 0.5479736328;
Wave[20] = 0.7043762207;
Wave[21] = 0.4174499512;
Wave[22] = -0.3625793457;
Wave[23] = -0.3998718262;
Wave[24] = 0.1859130859;
Wave[25] = 0.2420349121;
Wave[26] = -0.4298400879;
Wave[27] = -0.5704345703;
Wave[28] = -0.3725280762;
Wave[29] = 0.4883422852;
Wave[30] = 0.375579834;
Wave[31] = -0.2885742188;
Wave[32] = -0.4949035645;
Wave[33] = 0.3292541504;
Wave[34] = 0.1697692871;
Wave[35] = -0.0710449219;
Wave[36] = -0.8018798828;
Wave[37] = -0.6532897949;
Wave[38] = -0.2951965332;
Wave[39] = -0.1070861816;
Wave[40] = -0.9864807129;
Wave[41] = -0.7416381836;
Wave[42] = -0.8270874023;
Wave[43] = -0.3157958984;
Wave[44] = -0.4774169922;
Wave[45] = -0.704284668;
Wave[46] = -0.7552490234;
Wave[47] = 0.0757141113;
Wave[48] = -0.1177062988;
Wave[49] = 0.0607299805;
Wave[50] = -0.201385498;
Wave[51] = 0.0222167969;
Wave[52] = 0.0842895508;
Wave[53] = 0.0157470703;
Wave[54] = -0.7662658691;
Wave[55] = -0.5614013672;
Wave[56] = -0.712097168;
Wave[57] = -0.535736084;
Wave[58] = -0.4322509766;
Wave[59] = -0.0458679199;
Wave[60] = -0.0709533691;
Wave[61] = 0.48046875;
Wave[62] = 0.3267211914;
Wave[63] = 0.4477233887;
Wave[64] = 0.4267578125;
Wave[65] = -0.2395629883;
Wave[66] = -0.2152404785;
Wave[67] = -0.2152099609;
Wave[68] = -0.06640625;
Wave[69] = 0.0924987793;
Wave[70] = 0.2961425781;
Wave[71] = 0.5497436523;
Wave[72] = 0.733215332;
Wave[73] = 0.1411437988;
Wave[74] = 0.4335632324;
Wave[75] = 0.6989746094;
Wave[76] = 0.5218811035;
Wave[77] = 0.2789916992;
Wave[78] = 0.0773010254;
Wave[79] = 0.9274291992;
Wave[80] = 0.6116027832;
Wave[81] = 0.7599182129;
Wave[82] = 0.8081665039;
Wave[83] = 0.7660522461;
Wave[84] = 0.7708129883;
Wave[85] = 0.191986084;
Wave[86] = 0.1813964844;
Wave[87] = 0.7040100098;
Wave[88] = 0.6051635742;
Wave[89] = -0.1093444824;
Wave[90] = -0.3461914062;
Wave[91] = -0.0180664062;
Wave[92] = 0.4497680664;
Wave[93] = -0.6965026855;
Wave[94] = -0.1271972656;
Wave[95] = 0.0874633789;
Wave[96] = -0.4745788574;
Wave[97] = -0.6876220703;
Wave[98] = -0.8005065918;
Wave[99] = -0.2456970215;
Wave[100] = -0.1968383789;
Wave[101] = -0.8304138184;
Wave[102] = -0.848449707;
Wave[103] = -0.8430175781;
Wave[104] = -0.2097167969;
Wave[105] = -0.3248596191;
Wave[106] = -0.8441467285;
Wave[107] = 0.0343322754;
Wave[108] = -0.2428588867;
Wave[109] = -0.4924926758;
Wave[110] = -0.4590759277;
Wave[111] = 0.0394287109;
Wave[112] = 0.0428161621;
Wave[113] = -0.5128173828;
Wave[114] = -0.3999633789;
Wave[115] = -0.0545959473;
Wave[116] = 0.1546325684;
Wave[117] = 0.1572875977;
Wave[118] = 0.234375;
Wave[119] = 0.0980834961;
Wave[120] = 0.2810668945;
Wave[121] = -0.559753418;
Wave[122] = -0.4621582031;
Wave[123] = -0.4236450195;
Wave[124] = -0.1240844727;
Wave[125] = 0.0181274414;
Wave[126] = -0.0659790039;
Wave[127] = 0.6427001953;
Selected.WaveTable.set(1, Wave);

?>
