#defaults=no
#cm=OSC
Wave=2
<?

float Wave[128];
Wave[0] = 0.160736084;
Wave[1] = 0.1658630371;
Wave[2] = 0.1522827148;
Wave[3] = 0.1801452637;
Wave[4] = 0.2482910156;
Wave[5] = 0.3098144531;
Wave[6] = 0.2885437012;
Wave[7] = 0.2134399414;
Wave[8] = 0.1885375977;
Wave[9] = 0.2231140137;
Wave[10] = 0.3030395508;
Wave[11] = 0.3173522949;
Wave[12] = 0.2045593262;
Wave[13] = 0.0434265137;
Wave[14] = -0.0983276367;
Wave[15] = -0.1790466309;
Wave[16] = -0.2907714844;
Wave[17] = -0.5009460449;
Wave[18] = -0.6753540039;
Wave[19] = -0.6936645508;
Wave[20] = -0.5148925781;
Wave[21] = -0.3563537598;
Wave[22] = -0.4068908691;
Wave[23] = -0.6440734863;
Wave[24] = -0.7426452637;
Wave[25] = -0.4392700195;
Wave[26] = 0.0147094727;
Wave[27] = 0.2072143555;
Wave[28] = 0.6683654785;
Wave[29] = 0.849395752;
Wave[30] = 0.5820617676;
Wave[31] = 0.3081054688;
Wave[32] = 0.3276672363;
Wave[33] = 0.5512390137;
Wave[34] = 0.7169799805;
Wave[35] = 0.5877990723;
Wave[36] = 0.2936706543;
Wave[37] = 0.0531616211;
Wave[38] = -0.0249023438;
Wave[39] = -0.0718383789;
Wave[40] = -0.1707763672;
Wave[41] = -0.2915039062;
Wave[42] = -0.310333252;
Wave[43] = -0.1852111816;
Wave[44] = -0.0212097168;
Wave[45] = 0.072052002;
Wave[46] = 0.0123291016;
Wave[47] = -0.1054382324;
Wave[48] = -0.1808776855;
Wave[49] = -0.2035217285;
Wave[50] = -0.1746826172;
Wave[51] = -0.1762390137;
Wave[52] = -0.213104248;
Wave[53] = -0.2447814941;
Wave[54] = -0.2806091309;
Wave[55] = -0.3118896484;
Wave[56] = -0.3138122559;
Wave[57] = -0.2792358398;
Wave[58] = -0.1977539062;
Wave[59] = -0.0403137207;
Wave[60] = 0.1502380371;
Wave[61] = 0.3114929199;
Wave[62] = 0.398651123;
Wave[63] = 0.4069824219;
Wave[64] = 0.3722839355;
Wave[65] = 0.3157043457;
Wave[66] = 0.2495117188;
Wave[67] = 0.2011413574;
Wave[68] = 0.1436462402;
Wave[69] = 0.0925292969;
Wave[70] = 0.074005127;
Wave[71] = 0.0702819824;
Wave[72] = 0.0509338379;
Wave[73] = -0.0272827148;
Wave[74] = -0.0978393555;
Wave[75] = -0.0697631836;
Wave[76] = 0.0636901855;
Wave[77] = 0.240814209;
Wave[78] = 0.3125915527;
Wave[79] = 0.2252502441;
Wave[80] = 0.0704040527;
Wave[81] = -0.0485839844;
Wave[82] = -0.1263427734;
Wave[83] = -0.2810974121;
Wave[84] = -0.5482788086;
Wave[85] = -0.7504882812;
Wave[86] = -0.7011108398;
Wave[87] = -0.439453125;
Wave[88] = -0.2639160156;
Wave[89] = -0.3878173828;
Wave[90] = -0.6824645996;
Wave[91] = -0.7336120605;
Wave[92] = -0.2773132324;
Wave[93] = 0.1444396973;
Wave[94] = 0.4313659668;
Wave[95] = 0.9092712402;
Wave[96] = 0.937286377;
Wave[97] = 0.6091308594;
Wave[98] = 0.3905944824;
Wave[99] = 0.4630737305;
Wave[100] = 0.6721801758;
Wave[101] = 0.7394104004;
Wave[102] = 0.543762207;
Wave[103] = 0.2369995117;
Wave[104] = 0.0339660645;
Wave[105] = -0.0439147949;
Wave[106] = -0.163482666;
Wave[107] = -0.3309326172;
Wave[108] = -0.4735412598;
Wave[109] = -0.4760437012;
Wave[110] = -0.3456115723;
Wave[111] = -0.2360229492;
Wave[112] = -0.2095031738;
Wave[113] = -0.2666320801;
Wave[114] = -0.2995605469;
Wave[115] = -0.2413635254;
Wave[116] = -0.1497802734;
Wave[117] = -0.0926818848;
Wave[118] = -0.0926208496;
Wave[119] = -0.1001281738;
Wave[120] = -0.0815124512;
Wave[121] = -0.0623168945;
Wave[122] = -0.0287780762;
Wave[123] = 0.0079956055;
Wave[124] = 0.0029907227;
Wave[125] = 0.0022583008;
Wave[126] = 0.0528564453;
Wave[127] = 0.1404418945;
Selected.WaveTable.set(1, Wave);

?>
