#defaults=no
#cm=OSC
Wave=2
<?

float Wave[128];
Wave[0] = 0.3084716797;
Wave[1] = 0.2702941895;
Wave[2] = 0.2015380859;
Wave[3] = 0.1606445312;
Wave[4] = -0.0464477539;
Wave[5] = -0.1369018555;
Wave[6] = -0.1651306152;
Wave[7] = -0.0303649902;
Wave[8] = 0.0591125488;
Wave[9] = 0.0617980957;
Wave[10] = 0.0660400391;
Wave[11] = 0.1278686523;
Wave[12] = 0.1161193848;
Wave[13] = 0.1560668945;
Wave[14] = 0.1378479004;
Wave[15] = 0.1268005371;
Wave[16] = 0.1440124512;
Wave[17] = 0.0834655762;
Wave[18] = -0.115447998;
Wave[19] = -0.1147766113;
Wave[20] = -0.0341796875;
Wave[21] = -0.1221008301;
Wave[22] = -0.1552429199;
Wave[23] = -0.1502990723;
Wave[24] = -0.1363830566;
Wave[25] = -0.2250366211;
Wave[26] = -0.234588623;
Wave[27] = -0.261138916;
Wave[28] = -0.2276306152;
Wave[29] = -0.049621582;
Wave[30] = 0.1259460449;
Wave[31] = 0.1358337402;
Wave[32] = 0.1130065918;
Wave[33] = 0.026184082;
Wave[34] = -0.0591430664;
Wave[35] = -0.1138000488;
Wave[36] = -0.0958557129;
Wave[37] = -0.0169067383;
Wave[38] = 0.0729675293;
Wave[39] = -0.0810852051;
Wave[40] = -0.212677002;
Wave[41] = -0.1937255859;
Wave[42] = -0.1284179688;
Wave[43] = -0.1280212402;
Wave[44] = -0.281036377;
Wave[45] = -0.4588623047;
Wave[46] = -0.4712219238;
Wave[47] = -0.4457397461;
Wave[48] = -0.416595459;
Wave[49] = -0.4733581543;
Wave[50] = -0.6022644043;
Wave[51] = -0.6072387695;
Wave[52] = -0.4803771973;
Wave[53] = -0.4308776855;
Wave[54] = -0.26171875;
Wave[55] = 0.205078125;
Wave[56] = 0.5057067871;
Wave[57] = 0.4984741211;
Wave[58] = 0.3626708984;
Wave[59] = 0.2747497559;
Wave[60] = 0.4047241211;
Wave[61] = 0.5935974121;
Wave[62] = 0.6309204102;
Wave[63] = 0.8194885254;
Wave[64] = 0.9894714355;
Wave[65] = 0.8372802734;
Wave[66] = 0.3942565918;
Wave[67] = 0.0317077637;
Wave[68] = -0.0556945801;
Wave[69] = -0.1278991699;
Wave[70] = -0.1532592773;
Wave[71] = -0.1962280273;
Wave[72] = -0.3379516602;
Wave[73] = -0.4871520996;
Wave[74] = -0.447052002;
Wave[75] = -0.5368347168;
Wave[76] = -0.6813049316;
Wave[77] = -0.6518859863;
Wave[78] = -0.5425415039;
Wave[79] = -0.5654602051;
Wave[80] = -0.6604919434;
Wave[81] = -0.4460449219;
Wave[82] = -0.0617675781;
Wave[83] = 0.0852355957;
Wave[84] = -0.1084594727;
Wave[85] = -0.4378662109;
Wave[86] = -0.4862060547;
Wave[87] = -0.4765014648;
Wave[88] = -0.60546875;
Wave[89] = -0.7098083496;
Wave[90] = -0.625793457;
Wave[91] = -0.5291137695;
Wave[92] = -0.3397827148;
Wave[93] = -0.3926086426;
Wave[94] = -0.4115600586;
Wave[95] = -0.320526123;
Wave[96] = -0.2457885742;
Wave[97] = -0.3024597168;
Wave[98] = -0.145111084;
Wave[99] = 0.0962524414;
Wave[100] = 0.340423584;
Wave[101] = 0.4024658203;
Wave[102] = 0.3385925293;
Wave[103] = 0.3257446289;
Wave[104] = 0.4081420898;
Wave[105] = 0.3795776367;
Wave[106] = 0.2643737793;
Wave[107] = 0.1461486816;
Wave[108] = 0.2841186523;
Wave[109] = 0.4190063477;
Wave[110] = 0.4384765625;
Wave[111] = 0.3560791016;
Wave[112] = 0.3198242188;
Wave[113] = 0.3371887207;
Wave[114] = 0.263671875;
Wave[115] = 0.1900024414;
Wave[116] = 0.2578125;
Wave[117] = 0.280670166;
Wave[118] = 0.3527832031;
Wave[119] = 0.4515991211;
Wave[120] = 0.5420837402;
Wave[121] = 0.6245727539;
Wave[122] = 0.5648803711;
Wave[123] = 0.4866638184;
Wave[124] = 0.4961242676;
Wave[125] = 0.5383911133;
Wave[126] = 0.5755004883;
Wave[127] = 0.3934326172;
Selected.WaveTable.set(1, Wave);

?>
