#defaults=no
#cm=OSC
Wave=2
<?

float Wave[128];
Wave[0] = 0.7344360352;
Wave[1] = 0.7110900879;
Wave[2] = 0.7097473145;
Wave[3] = 0.7458190918;
Wave[4] = 0.3703918457;
Wave[5] = 0.696472168;
Wave[6] = 0.8743591309;
Wave[7] = 0.9739074707;
Wave[8] = 0.962890625;
Wave[9] = 0.8979187012;
Wave[10] = 0.8166503906;
Wave[11] = 0.7314758301;
Wave[12] = 0.6564025879;
Wave[13] = 0.5947570801;
Wave[14] = 0.545715332;
Wave[15] = 0.5020751953;
Wave[16] = 0.4629516602;
Wave[17] = 0.4229736328;
Wave[18] = 0.3850402832;
Wave[19] = 0.3522033691;
Wave[20] = 0.3201904297;
Wave[21] = 0.2805480957;
Wave[22] = -0.0799255371;
Wave[23] = -0.0655517578;
Wave[24] = -0.0940856934;
Wave[25] = -0.1202087402;
Wave[26] = -0.1496276855;
Wave[27] = -0.1786499023;
Wave[28] = -0.205657959;
Wave[29] = -0.2268371582;
Wave[30] = -0.2443237305;
Wave[31] = -0.2574157715;
Wave[32] = -0.2681884766;
Wave[33] = -0.2774353027;
Wave[34] = -0.2843017578;
Wave[35] = -0.2901306152;
Wave[36] = -0.2927246094;
Wave[37] = -0.2916259766;
Wave[38] = -0.2865600586;
Wave[39] = -0.276763916;
Wave[40] = -0.2671508789;
Wave[41] = -0.2567749023;
Wave[42] = -0.25;
Wave[43] = -0.2429504395;
Wave[44] = -0.2360534668;
Wave[45] = -0.2265625;
Wave[46] = -0.216003418;
Wave[47] = -0.2034301758;
Wave[48] = -0.1878356934;
Wave[49] = -0.1728515625;
Wave[50] = -0.1557006836;
Wave[51] = -0.1415710449;
Wave[52] = -0.1289672852;
Wave[53] = -0.1211242676;
Wave[54] = -0.1130371094;
Wave[55] = -0.102722168;
Wave[56] = -0.0923156738;
Wave[57] = -0.0786437988;
Wave[58] = -0.0642089844;
Wave[59] = -0.0505981445;
Wave[60] = -0.0371704102;
Wave[61] = -0.0263061523;
Wave[62] = -0.0158996582;
Wave[63] = -0.0085449219;
Wave[64] = 0.0026855469;
Wave[65] = 0.0104980469;
Wave[66] = 0.0177612305;
Wave[67] = 0.0283813477;
Wave[68] = 0.0325012207;
Wave[69] = 0.0390319824;
Wave[70] = 0.0432434082;
Wave[71] = 0.0427246094;
Wave[72] = 0.0384216309;
Wave[73] = 0.0297241211;
Wave[74] = 0.0204467773;
Wave[75] = 0.0108032227;
Wave[76] = 0.0024719238;
Wave[77] = -0.0054626465;
Wave[78] = -0.0158081055;
Wave[79] = -0.0287780762;
Wave[80] = -0.0469665527;
Wave[81] = -0.065032959;
Wave[82] = -0.0902404785;
Wave[83] = -0.2137451172;
Wave[84] = -0.5577087402;
Wave[85] = -0.5061950684;
Wave[86] = -0.513092041;
Wave[87] = -0.5230407715;
Wave[88] = -0.5363464355;
Wave[89] = -0.5489501953;
Wave[90] = -0.5617675781;
Wave[91] = -0.5714111328;
Wave[92] = -0.5773010254;
Wave[93] = -0.5782775879;
Wave[94] = -0.5764465332;
Wave[95] = -0.5733642578;
Wave[96] = -0.5715026855;
Wave[97] = -0.5718688965;
Wave[98] = -0.5737304688;
Wave[99] = -0.5718688965;
Wave[100] = -0.5640258789;
Wave[101] = -0.547668457;
Wave[102] = -0.5241394043;
Wave[103] = -0.4947509766;
Wave[104] = -0.4647521973;
Wave[105] = -0.4371948242;
Wave[106] = -0.4122009277;
Wave[107] = -0.3871459961;
Wave[108] = -0.3576660156;
Wave[109] = -0.3193969727;
Wave[110] = -0.2766418457;
Wave[111] = -0.2306518555;
Wave[112] = -0.1857299805;
Wave[113] = -0.140625;
Wave[114] = -0.0872192383;
Wave[115] = -0.0151672363;
Wave[116] = 0.0886230469;
Wave[117] = 0.2420349121;
Wave[118] = 0.4387512207;
Wave[119] = 0.6417236328;
Wave[120] = 0.7935180664;
Wave[121] = 0.8671569824;
Wave[122] = 0.8719177246;
Wave[123] = 0.8417663574;
Wave[124] = 0.811920166;
Wave[125] = 0.7905883789;
Wave[126] = 0.7776184082;
Wave[127] = 0.7376708984;
Selected.WaveTable.set(1, Wave);

?>
