#defaults=no
#cm=OSC
Wave=2
<?

float Wave[128];
Wave[0] = 0.3591308594;
Wave[1] = 0.261138916;
Wave[2] = 0.1278991699;
Wave[3] = 0.1410217285;
Wave[4] = 0.1953125;
Wave[5] = 0.0498962402;
Wave[6] = -0.3918762207;
Wave[7] = -0.7897033691;
Wave[8] = -0.6110839844;
Wave[9] = -0.7218933105;
Wave[10] = -0.8126220703;
Wave[11] = -0.6931762695;
Wave[12] = -0.3838195801;
Wave[13] = -0.2548522949;
Wave[14] = -0.1079101562;
Wave[15] = -0.041015625;
Wave[16] = -0.0553894043;
Wave[17] = -0.0780334473;
Wave[18] = -0.1259460449;
Wave[19] = -0.335357666;
Wave[20] = -0.8229980469;
Wave[21] = -0.8547058105;
Wave[22] = -0.5085144043;
Wave[23] = -0.566986084;
Wave[24] = -0.5652160645;
Wave[25] = -0.7820739746;
Wave[26] = -0.9420776367;
Wave[27] = -0.7766113281;
Wave[28] = -0.4311523438;
Wave[29] = -0.234588623;
Wave[30] = -0.1316833496;
Wave[31] = -0.1065673828;
Wave[32] = -0.16015625;
Wave[33] = -0.3928222656;
Wave[34] = -0.763458252;
Wave[35] = -0.8837890625;
Wave[36] = -0.6110229492;
Wave[37] = -0.2930603027;
Wave[38] = -0.102722168;
Wave[39] = -0.0941467285;
Wave[40] = -0.1684265137;
Wave[41] = -0.3942565918;
Wave[42] = -0.6610412598;
Wave[43] = -0.7643737793;
Wave[44] = -0.7121887207;
Wave[45] = -0.5151977539;
Wave[46] = -0.2323303223;
Wave[47] = -0.1444396973;
Wave[48] = -0.2469177246;
Wave[49] = -0.4156799316;
Wave[50] = -0.5510559082;
Wave[51] = -0.5932617188;
Wave[52] = -0.4882507324;
Wave[53] = -0.104888916;
Wave[54] = 0.315826416;
Wave[55] = 0.3649291992;
Wave[56] = 0.3544311523;
Wave[57] = 0.3368835449;
Wave[58] = 0.1827087402;
Wave[59] = -0.0121459961;
Wave[60] = -0.1644287109;
Wave[61] = -0.284942627;
Wave[62] = -0.3663024902;
Wave[63] = -0.3647155762;
Wave[64] = -0.285736084;
Wave[65] = -0.154510498;
Wave[66] = -0.1204833984;
Wave[67] = -0.181060791;
Wave[68] = -0.216796875;
Wave[69] = -0.140411377;
Wave[70] = 0.1280212402;
Wave[71] = 0.620513916;
Wave[72] = 0.7048339844;
Wave[73] = 0.5429077148;
Wave[74] = 0.6390686035;
Wave[75] = 0.6711730957;
Wave[76] = 0.7773132324;
Wave[77] = 0.6560668945;
Wave[78] = 0.4548950195;
Wave[79] = 0.328704834;
Wave[80] = 0.1598510742;
Wave[81] = 0.0446166992;
Wave[82] = -0.0184020996;
Wave[83] = -0.0227966309;
Wave[84] = -0.001739502;
Wave[85] = 0.0329284668;
Wave[86] = 0.1620483398;
Wave[87] = 0.4783935547;
Wave[88] = 0.8557128906;
Wave[89] = 0.758026123;
Wave[90] = 0.4787902832;
Wave[91] = 0.4565734863;
Wave[92] = 0.3517456055;
Wave[93] = 0.4180603027;
Wave[94] = 0.5639953613;
Wave[95] = 0.8206176758;
Wave[96] = 0.8467102051;
Wave[97] = 0.5661621094;
Wave[98] = 0.3524780273;
Wave[99] = 0.1864318848;
Wave[100] = 0.1075744629;
Wave[101] = 0.1753845215;
Wave[102] = 0.3635559082;
Wave[103] = 0.6481933594;
Wave[104] = 0.8239746094;
Wave[105] = 0.6653137207;
Wave[106] = 0.309387207;
Wave[107] = 0.0617675781;
Wave[108] = -0.0179748535;
Wave[109] = 0.0526428223;
Wave[110] = 0.2250671387;
Wave[111] = 0.4768371582;
Wave[112] = 0.6709289551;
Wave[113] = 0.7372131348;
Wave[114] = 0.5599365234;
Wave[115] = 0.314453125;
Wave[116] = 0.2157287598;
Wave[117] = 0.3588256836;
Wave[118] = 0.5321350098;
Wave[119] = 0.5842895508;
Wave[120] = 0.4067687988;
Wave[121] = -0.0180358887;
Wave[122] = -0.383605957;
Wave[123] = -0.3385925293;
Wave[124] = -0.354309082;
Wave[125] = -0.1431274414;
Wave[126] = 0.0708312988;
Wave[127] = 0.3591003418;
Selected.WaveTable.set(1, Wave);

?>
