#defaults=no
#cm=OSC
Wave=2
<?

float Wave[128];
Wave[0] = -0.4403381348;
Wave[1] = -0.0608520508;
Wave[2] = 0.0661010742;
Wave[3] = -0.0516662598;
Wave[4] = 0.0346069336;
Wave[5] = -0.0767822266;
Wave[6] = -0.2475585938;
Wave[7] = -0.1768798828;
Wave[8] = -0.0858154297;
Wave[9] = 0.0385437012;
Wave[10] = 0.0901489258;
Wave[11] = -0.1765441895;
Wave[12] = -0.2498474121;
Wave[13] = -0.1123046875;
Wave[14] = -0.2261047363;
Wave[15] = -0.2984619141;
Wave[16] = -0.1422119141;
Wave[17] = -0.106048584;
Wave[18] = -0.2238464355;
Wave[19] = -0.3865966797;
Wave[20] = -0.3501586914;
Wave[21] = -0.1716308594;
Wave[22] = -0.2593688965;
Wave[23] = -0.4468688965;
Wave[24] = -0.3277282715;
Wave[25] = -0.3133544922;
Wave[26] = -0.529083252;
Wave[27] = -0.4027709961;
Wave[28] = -0.0842590332;
Wave[29] = -0.0898132324;
Wave[30] = -0.1176452637;
Wave[31] = -0.1266174316;
Wave[32] = -0.209197998;
Wave[33] = -0.2313537598;
Wave[34] = -0.1803588867;
Wave[35] = -0.0301208496;
Wave[36] = 0.1045837402;
Wave[37] = -0.061340332;
Wave[38] = -0.3525695801;
Wave[39] = -0.3555603027;
Wave[40] = -0.4546813965;
Wave[41] = -0.441986084;
Wave[42] = -0.1686401367;
Wave[43] = -0.1961975098;
Wave[44] = -0.335144043;
Wave[45] = -0.2971191406;
Wave[46] = -0.6438598633;
Wave[47] = -0.611541748;
Wave[48] = -0.0791015625;
Wave[49] = -0.1538391113;
Wave[50] = -0.0760192871;
Wave[51] = 0.5152893066;
Wave[52] = 0.3818054199;
Wave[53] = 0.080871582;
Wave[54] = 0.2971191406;
Wave[55] = 0.4868164062;
Wave[56] = 0.3428344727;
Wave[57] = 0.2215881348;
Wave[58] = 0.1108703613;
Wave[59] = -0.0192260742;
Wave[60] = -0.295135498;
Wave[61] = -0.5933532715;
Wave[62] = -0.4442749023;
Wave[63] = -0.4833984375;
Wave[64] = -0.7521972656;
Wave[65] = -0.5748291016;
Wave[66] = -0.4359436035;
Wave[67] = -0.4917602539;
Wave[68] = -0.0941162109;
Wave[69] = 0.1839294434;
Wave[70] = 0.2186889648;
Wave[71] = 0.3586730957;
Wave[72] = 0.3765258789;
Wave[73] = 0.3470458984;
Wave[74] = 0.5498352051;
Wave[75] = 0.7328186035;
Wave[76] = 0.6934509277;
Wave[77] = 0.7819519043;
Wave[78] = 0.563293457;
Wave[79] = 0.0648498535;
Wave[80] = -0.1532897949;
Wave[81] = -0.1176757812;
Wave[82] = 0.0153808594;
Wave[83] = 0.0521850586;
Wave[84] = -0.0516052246;
Wave[85] = 0.0665588379;
Wave[86] = 0.0732421875;
Wave[87] = -0.2039794922;
Wave[88] = 0.0602416992;
Wave[89] = 0.716583252;
Wave[90] = 0.6654052734;
Wave[91] = 0.7155456543;
Wave[92] = 0.9989624023;
Wave[93] = 0.8189086914;
Wave[94] = 0.5377197266;
Wave[95] = 0.5487976074;
Wave[96] = 0.4831542969;
Wave[97] = 0.4179992676;
Wave[98] = 0.3847961426;
Wave[99] = 0.1582641602;
Wave[100] = 0.0820922852;
Wave[101] = -0.0122375488;
Wave[102] = -0.1024169922;
Wave[103] = 0.118560791;
Wave[104] = 0.2762145996;
Wave[105] = 0.1600341797;
Wave[106] = 0.2508850098;
Wave[107] = 0.293182373;
Wave[108] = 0.2718200684;
Wave[109] = 0.4273376465;
Wave[110] = 0.3929748535;
Wave[111] = 0.27734375;
Wave[112] = 0.3745117188;
Wave[113] = 0.0372009277;
Wave[114] = -0.188659668;
Wave[115] = 0.2043762207;
Wave[116] = 0.291015625;
Wave[117] = -0.0359802246;
Wave[118] = 0.0346984863;
Wave[119] = 0.0205383301;
Wave[120] = -0.2640991211;
Wave[121] = -0.3673095703;
Wave[122] = -0.2314453125;
Wave[123] = -0.0026855469;
Wave[124] = 0.0479736328;
Wave[125] = -0.1640014648;
Wave[126] = -0.1637878418;
Wave[127] = -0.4476318359;
Selected.WaveTable.set(1, Wave);

?>
