#defaults=no
#cm=OSC
Wave=2
<?

float Wave[128];
Wave[0] = 0.2221679688;
Wave[1] = 0.2039794922;
Wave[2] = 0.1771850586;
Wave[3] = 0.137878418;
Wave[4] = 0.0976257324;
Wave[5] = 0.0680541992;
Wave[6] = 0.0487670898;
Wave[7] = 0.0372924805;
Wave[8] = 0.0293884277;
Wave[9] = 0.0202026367;
Wave[10] = 0.0085449219;
Wave[11] = -0.0133056641;
Wave[12] = -0.0429992676;
Wave[13] = -0.0643615723;
Wave[14] = -0.0817260742;
Wave[15] = -0.1028137207;
Wave[16] = -0.1143188477;
Wave[17] = -0.1238708496;
Wave[18] = -0.1392211914;
Wave[19] = -0.1500549316;
Wave[20] = -0.1529541016;
Wave[21] = -0.151763916;
Wave[22] = -0.1524353027;
Wave[23] = -0.1550598145;
Wave[24] = -0.1575012207;
Wave[25] = -0.1675415039;
Wave[26] = -0.1871337891;
Wave[27] = -0.2023010254;
Wave[28] = -0.2125854492;
Wave[29] = -0.2205200195;
Wave[30] = -0.2225646973;
Wave[31] = -0.2144470215;
Wave[32] = -0.2014770508;
Wave[33] = -0.1933898926;
Wave[34] = -0.1937866211;
Wave[35] = -0.196685791;
Wave[36] = -0.2047424316;
Wave[37] = -0.2139587402;
Wave[38] = -0.2260131836;
Wave[39] = -0.2400512695;
Wave[40] = -0.251373291;
Wave[41] = -0.2654724121;
Wave[42] = -0.2822875977;
Wave[43] = -0.2878723145;
Wave[44] = -0.2831420898;
Wave[45] = -0.2844543457;
Wave[46] = -0.2976074219;
Wave[47] = -0.313659668;
Wave[48] = -0.3259277344;
Wave[49] = -0.3293151855;
Wave[50] = -0.3276672363;
Wave[51] = -0.3298339844;
Wave[52] = -0.3350219727;
Wave[53] = -0.3475036621;
Wave[54] = -0.3583068848;
Wave[55] = -0.3547363281;
Wave[56] = -0.3364868164;
Wave[57] = -0.3129577637;
Wave[58] = -0.2911071777;
Wave[59] = -0.2315979004;
Wave[60] = -0.1294250488;
Wave[61] = -0.0359191895;
Wave[62] = 0.0024719238;
Wave[63] = -0.014831543;
Wave[64] = -0.0560913086;
Wave[65] = -0.0836791992;
Wave[66] = -0.0814819336;
Wave[67] = -0.065826416;
Wave[68] = -0.0492858887;
Wave[69] = -0.0255737305;
Wave[70] = 0.0075073242;
Wave[71] = 0.0482177734;
Wave[72] = 0.0943603516;
Wave[73] = 0.1152038574;
Wave[74] = -0.0994567871;
Wave[75] = -0.6045532227;
Wave[76] = -0.916595459;
Wave[77] = -0.7956237793;
Wave[78] = -0.5345153809;
Wave[79] = -0.4039306641;
Wave[80] = -0.4190673828;
Wave[81] = -0.4711608887;
Wave[82] = -0.4930114746;
Wave[83] = -0.4908447266;
Wave[84] = -0.4901733398;
Wave[85] = -0.4847106934;
Wave[86] = -0.4095153809;
Wave[87] = -0.2753295898;
Wave[88] = -0.1580200195;
Wave[89] = -0.1105041504;
Wave[90] = -0.1331481934;
Wave[91] = -0.1907348633;
Wave[92] = -0.250213623;
Wave[93] = -0.2771606445;
Wave[94] = -0.2654724121;
Wave[95] = -0.176361084;
Wave[96] = 0.0345153809;
Wave[97] = 0.2928161621;
Wave[98] = 0.4823608398;
Wave[99] = 0.5429382324;
Wave[100] = 0.4940185547;
Wave[101] = 0.3998718262;
Wave[102] = 0.3322753906;
Wave[103] = 0.3643798828;
Wave[104] = 0.524230957;
Wave[105] = 0.7447814941;
Wave[106] = 0.9229125977;
Wave[107] = 0.9867553711;
Wave[108] = 0.9551391602;
Wave[109] = 0.9006652832;
Wave[110] = 0.8710327148;
Wave[111] = 0.873626709;
Wave[112] = 0.8877868652;
Wave[113] = 0.8952636719;
Wave[114] = 0.9025878906;
Wave[115] = 0.9015808105;
Wave[116] = 0.8761291504;
Wave[117] = 0.7224121094;
Wave[118] = 0.4258422852;
Wave[119] = 0.2462768555;
Wave[120] = 0.2912597656;
Wave[121] = 0.4069824219;
Wave[122] = 0.4413146973;
Wave[123] = 0.3924255371;
Wave[124] = 0.3327941895;
Wave[125] = 0.2947692871;
Wave[126] = 0.266998291;
Wave[127] = 0.2255249023;
Selected.WaveTable.set(1, Wave);

?>
