#defaults=no
#cm=OSC
Wave=2
<?

float Wave[128];
Wave[0] = -0.1693115234;
Wave[1] = -0.188079834;
Wave[2] = -0.1909484863;
Wave[3] = -0.2182006836;
Wave[4] = -0.2648620605;
Wave[5] = -0.2617492676;
Wave[6] = -0.2405090332;
Wave[7] = -0.224395752;
Wave[8] = -0.2261962891;
Wave[9] = -0.235168457;
Wave[10] = -0.2094726562;
Wave[11] = -0.1788024902;
Wave[12] = -0.1583557129;
Wave[13] = -0.1542358398;
Wave[14] = -0.1682739258;
Wave[15] = -0.2046203613;
Wave[16] = -0.2507019043;
Wave[17] = -0.248260498;
Wave[18] = -0.2138061523;
Wave[19] = -0.2001953125;
Wave[20] = -0.2105712891;
Wave[21] = -0.2337341309;
Wave[22] = -0.2434387207;
Wave[23] = -0.2225646973;
Wave[24] = -0.237701416;
Wave[25] = -0.2850341797;
Wave[26] = -0.2354431152;
Wave[27] = 0.0136413574;
Wave[28] = 0.3941040039;
Wave[29] = 0.7874145508;
Wave[30] = 0.9937744141;
Wave[31] = 0.9322814941;
Wave[32] = 0.7934875488;
Wave[33] = 0.6846923828;
Wave[34] = 0.5418701172;
Wave[35] = 0.4541931152;
Wave[36] = 0.4388122559;
Wave[37] = 0.4096984863;
Wave[38] = 0.4212341309;
Wave[39] = 0.4417419434;
Wave[40] = 0.3825683594;
Wave[41] = 0.3419494629;
Wave[42] = 0.3116455078;
Wave[43] = 0.2602539062;
Wave[44] = 0.3760681152;
Wave[45] = 0.5532836914;
Wave[46] = 0.5246887207;
Wave[47] = 0.4034118652;
Wave[48] = 0.2944030762;
Wave[49] = 0.1851501465;
Wave[50] = 0.1531982422;
Wave[51] = 0.190826416;
Wave[52] = 0.1796264648;
Wave[53] = 0.1535339355;
Wave[54] = 0.1438903809;
Wave[55] = 0.1338195801;
Wave[56] = 0.139831543;
Wave[57] = 0.1563415527;
Wave[58] = 0.1495666504;
Wave[59] = 0.1567993164;
Wave[60] = 0.1430664062;
Wave[61] = 0.1031799316;
Wave[62] = 0.1296386719;
Wave[63] = 0.1174926758;
Wave[64] = 0.1231689453;
Wave[65] = 0.1454772949;
Wave[66] = 0.1141357422;
Wave[67] = 0.0650939941;
Wave[68] = 0.0314025879;
Wave[69] = 0.0275268555;
Wave[70] = 0.0123596191;
Wave[71] = -0.0193481445;
Wave[72] = -0.0297546387;
Wave[73] = -0.0014648438;
Wave[74] = 0.0302734375;
Wave[75] = 0.0324401855;
Wave[76] = 0.0665588379;
Wave[77] = 0.1008605957;
Wave[78] = 0.0991210938;
Wave[79] = 0.0785827637;
Wave[80] = 0.0458984375;
Wave[81] = 0.0356445312;
Wave[82] = 0.0042419434;
Wave[83] = -0.0303344727;
Wave[84] = -0.0233154297;
Wave[85] = -0.00390625;
Wave[86] = -0.007598877;
Wave[87] = -0.0327758789;
Wave[88] = -0.0282592773;
Wave[89] = -0.0211486816;
Wave[90] = -0.0607299805;
Wave[91] = -0.1645812988;
Wave[92] = -0.2610778809;
Wave[93] = -0.2824707031;
Wave[94] = -0.2807006836;
Wave[95] = -0.1913452148;
Wave[96] = -0.0565795898;
Wave[97] = -0.0669555664;
Wave[98] = -0.1375427246;
Wave[99] = -0.2013549805;
Wave[100] = -0.2700500488;
Wave[101] = -0.2656860352;
Wave[102] = -0.2304382324;
Wave[103] = -0.2289733887;
Wave[104] = -0.2138061523;
Wave[105] = -0.2232971191;
Wave[106] = -0.2866210938;
Wave[107] = -0.1609191895;
Wave[108] = 0.0387268066;
Wave[109] = 0.0033874512;
Wave[110] = -0.1294555664;
Wave[111] = -0.2332763672;
Wave[112] = -0.3175048828;
Wave[113] = -0.3094177246;
Wave[114] = -0.2555847168;
Wave[115] = -0.2295227051;
Wave[116] = -0.2093200684;
Wave[117] = -0.1865539551;
Wave[118] = -0.1821899414;
Wave[119] = -0.1692199707;
Wave[120] = -0.197265625;
Wave[121] = -0.254486084;
Wave[122] = -0.2595825195;
Wave[123] = -0.2775878906;
Wave[124] = -0.2848510742;
Wave[125] = -0.161315918;
Wave[126] = -0.0810241699;
Wave[127] = -0.1482849121;
Selected.WaveTable.set(1, Wave);

?>
