#defaults=no
#cm=OSC
Wave=2
<?

float Wave[128];
Wave[0] = 0.2314147949;
Wave[1] = 0.1828308105;
Wave[2] = 0.1274108887;
Wave[3] = 0.076385498;
Wave[4] = 0.0332641602;
Wave[5] = -0.0003662109;
Wave[6] = -0.0299682617;
Wave[7] = -0.0552978516;
Wave[8] = -0.0863647461;
Wave[9] = -0.1155090332;
Wave[10] = -0.1358947754;
Wave[11] = -0.150970459;
Wave[12] = -0.172454834;
Wave[13] = -0.186126709;
Wave[14] = -0.1686706543;
Wave[15] = -0.1367797852;
Wave[16] = -0.1266174316;
Wave[17] = -0.141998291;
Wave[18] = -0.1544189453;
Wave[19] = -0.1636657715;
Wave[20] = -0.1778259277;
Wave[21] = -0.1927490234;
Wave[22] = -0.2012939453;
Wave[23] = -0.2194213867;
Wave[24] = -0.2351074219;
Wave[25] = -0.2537841797;
Wave[26] = -0.2652893066;
Wave[27] = -0.2799377441;
Wave[28] = -0.2687683105;
Wave[29] = -0.233001709;
Wave[30] = -0.1648254395;
Wave[31] = -0.1147460938;
Wave[32] = -0.2002563477;
Wave[33] = -0.4289550781;
Wave[34] = -0.5299072266;
Wave[35] = -0.1967163086;
Wave[36] = 0.3305664062;
Wave[37] = 0.4981384277;
Wave[38] = 0.2460021973;
Wave[39] = -0.0217285156;
Wave[40] = -0.0356140137;
Wave[41] = 0.0869445801;
Wave[42] = 0.1711120605;
Wave[43] = 0.1691589355;
Wave[44] = 0.1294250488;
Wave[45] = 0.0945129395;
Wave[46] = 0.0853271484;
Wave[47] = 0.0793151855;
Wave[48] = 0.0431518555;
Wave[49] = -0.0135192871;
Wave[50] = -0.0613098145;
Wave[51] = -0.0941772461;
Wave[52] = -0.1179504395;
Wave[53] = -0.1432189941;
Wave[54] = -0.1799926758;
Wave[55] = -0.2231140137;
Wave[56] = -0.2442016602;
Wave[57] = -0.2438659668;
Wave[58] = -0.2203674316;
Wave[59] = -0.2030334473;
Wave[60] = -0.1895446777;
Wave[61] = -0.1874389648;
Wave[62] = -0.1853027344;
Wave[63] = -0.1881103516;
Wave[64] = -0.184967041;
Wave[65] = -0.1873168945;
Wave[66] = -0.1987609863;
Wave[67] = -0.2179870605;
Wave[68] = -0.2356567383;
Wave[69] = -0.2581481934;
Wave[70] = -0.2684326172;
Wave[71] = -0.2756958008;
Wave[72] = -0.2775878906;
Wave[73] = -0.274017334;
Wave[74] = -0.270690918;
Wave[75] = -0.2745361328;
Wave[76] = -0.2743530273;
Wave[77] = -0.2766113281;
Wave[78] = -0.2908630371;
Wave[79] = -0.3045959473;
Wave[80] = -0.2966918945;
Wave[81] = -0.2646789551;
Wave[82] = -0.24609375;
Wave[83] = -0.2583618164;
Wave[84] = -0.2844238281;
Wave[85] = -0.3123779297;
Wave[86] = -0.3444824219;
Wave[87] = -0.3233337402;
Wave[88] = -0.3097229004;
Wave[89] = -0.2919921875;
Wave[90] = -0.2721252441;
Wave[91] = -0.2296447754;
Wave[92] = -0.1594848633;
Wave[93] = -0.0766601562;
Wave[94] = -0.0828857422;
Wave[95] = -0.2733154297;
Wave[96] = -0.4352111816;
Wave[97] = -0.2034301758;
Wave[98] = 0.3614807129;
Wave[99] = 0.6430358887;
Wave[100] = 0.3963012695;
Wave[101] = -0.0098266602;
Wave[102] = -0.1666259766;
Wave[103] = -0.0661621094;
Wave[104] = 0.1351623535;
Wave[105] = 0.375;
Wave[106] = 0.6296691895;
Wave[107] = 0.8401794434;
Wave[108] = 0.9563598633;
Wave[109] = 0.9600524902;
Wave[110] = 0.8565368652;
Wave[111] = 0.7057800293;
Wave[112] = 0.5770263672;
Wave[113] = 0.5100402832;
Wave[114] = 0.4800415039;
Wave[115] = 0.4601135254;
Wave[116] = 0.4317932129;
Wave[117] = 0.4024963379;
Wave[118] = 0.3884887695;
Wave[119] = 0.3900146484;
Wave[120] = 0.3767700195;
Wave[121] = 0.3530883789;
Wave[122] = 0.3377380371;
Wave[123] = 0.3277282715;
Wave[124] = 0.3220214844;
Wave[125] = 0.3085021973;
Wave[126] = 0.2997436523;
Wave[127] = 0.2507324219;
Selected.WaveTable.set(1, Wave);

?>
