#defaults=no
#cm=OSC
Wave=2
<?

float Wave[128];
Wave[0] = 0.1380310059;
Wave[1] = 0.126373291;
Wave[2] = 0.0891418457;
Wave[3] = 0.1689453125;
Wave[4] = 0.2436218262;
Wave[5] = 0.2333068848;
Wave[6] = 0.2035827637;
Wave[7] = 0.2374267578;
Wave[8] = 0.2224121094;
Wave[9] = 0.1756591797;
Wave[10] = 0.0970458984;
Wave[11] = 0.083404541;
Wave[12] = 0.0539550781;
Wave[13] = -0.0589904785;
Wave[14] = -0.0802612305;
Wave[15] = -0.0382080078;
Wave[16] = -0.1195983887;
Wave[17] = -0.1887207031;
Wave[18] = -0.0977783203;
Wave[19] = 0.028137207;
Wave[20] = 0.088104248;
Wave[21] = 0.1589355469;
Wave[22] = 0.1036987305;
Wave[23] = -0.1095581055;
Wave[24] = -0.2472229004;
Wave[25] = -0.1484069824;
Wave[26] = -0.0456237793;
Wave[27] = 0.0284118652;
Wave[28] = -0.0191650391;
Wave[29] = -0.0317382812;
Wave[30] = -0.0477905273;
Wave[31] = -0.3913879395;
Wave[32] = -0.517364502;
Wave[33] = -0.3305969238;
Wave[34] = -0.3451843262;
Wave[35] = -0.2493896484;
Wave[36] = -0.1696166992;
Wave[37] = -0.2849731445;
Wave[38] = -0.4936828613;
Wave[39] = -0.5422363281;
Wave[40] = -0.2969055176;
Wave[41] = -0.266418457;
Wave[42] = -0.4886474609;
Wave[43] = -0.5214233398;
Wave[44] = -0.386138916;
Wave[45] = -0.0705871582;
Wave[46] = 0.5993041992;
Wave[47] = 0.991607666;
Wave[48] = 0.8545837402;
Wave[49] = 0.5897216797;
Wave[50] = 0.288269043;
Wave[51] = 0.0981445312;
Wave[52] = 0.288269043;
Wave[53] = 0.4063720703;
Wave[54] = 0.1076660156;
Wave[55] = -0.3653869629;
Wave[56] = -0.3748474121;
Wave[57] = 0.0977172852;
Wave[58] = 0.3071594238;
Wave[59] = 0.3629455566;
Wave[60] = 0.3652648926;
Wave[61] = 0.0624694824;
Wave[62] = -0.1088256836;
Wave[63] = 0.0179138184;
Wave[64] = 0.1531677246;
Wave[65] = 0.28515625;
Wave[66] = 0.3962097168;
Wave[67] = 0.5609130859;
Wave[68] = 0.609588623;
Wave[69] = 0.3918457031;
Wave[70] = 0.1867370605;
Wave[71] = 0.1964416504;
Wave[72] = 0.2964477539;
Wave[73] = 0.334777832;
Wave[74] = 0.3562927246;
Wave[75] = 0.2940979004;
Wave[76] = 0.162109375;
Wave[77] = 0.0359191895;
Wave[78] = -0.0472717285;
Wave[79] = -0.164276123;
Wave[80] = -0.2491760254;
Wave[81] = -0.2604980469;
Wave[82] = -0.2450561523;
Wave[83] = -0.2563476562;
Wave[84] = -0.2493896484;
Wave[85] = -0.1762084961;
Wave[86] = -0.0863952637;
Wave[87] = -0.0728759766;
Wave[88] = -0.08203125;
Wave[89] = -0.0534362793;
Wave[90] = -0.0755310059;
Wave[91] = -0.1192626953;
Wave[92] = -0.0794677734;
Wave[93] = -0.0651550293;
Wave[94] = -0.156036377;
Wave[95] = -0.2304992676;
Wave[96] = -0.1175231934;
Wave[97] = 0.0867614746;
Wave[98] = 0.1870727539;
Wave[99] = 0.1702270508;
Wave[100] = 0.032409668;
Wave[101] = -0.1019592285;
Wave[102] = -0.1756286621;
Wave[103] = -0.1180114746;
Wave[104] = -0.0664367676;
Wave[105] = -0.0490722656;
Wave[106] = 0.0179138184;
Wave[107] = 0.1710205078;
Wave[108] = 0.2188415527;
Wave[109] = 0.111114502;
Wave[110] = -0.0385742188;
Wave[111] = -0.1640319824;
Wave[112] = -0.2102050781;
Wave[113] = -0.1432495117;
Wave[114] = -0.0069274902;
Wave[115] = -0.0043945312;
Wave[116] = -0.1389770508;
Wave[117] = -0.2641601562;
Wave[118] = -0.350189209;
Wave[119] = -0.4069213867;
Wave[120] = -0.3680114746;
Wave[121] = -0.2483215332;
Wave[122] = -0.1465454102;
Wave[123] = -0.1231689453;
Wave[124] = -0.1341247559;
Wave[125] = -0.0582885742;
Wave[126] = 0.0363464355;
Wave[127] = 0.0964660645;
Selected.WaveTable.set(1, Wave);

?>
