#defaults=no
#cm=OSC
Wave=2
<?

float Wave[128];
Wave[0] = -0.4471130371;
Wave[1] = -0.4903564453;
Wave[2] = -0.1322937012;
Wave[3] = 0.5747070312;
Wave[4] = 0.5892333984;
Wave[5] = 0.7080688477;
Wave[6] = 0.5517883301;
Wave[7] = -0.2496337891;
Wave[8] = -0.412902832;
Wave[9] = -0.5865478516;
Wave[10] = -0.750579834;
Wave[11] = -0.3418273926;
Wave[12] = 0.1064758301;
Wave[13] = -0.1094970703;
Wave[14] = 0.1061706543;
Wave[15] = 0.068359375;
Wave[16] = -0.5457458496;
Wave[17] = -0.3898925781;
Wave[18] = -0.3447875977;
Wave[19] = -0.4794921875;
Wave[20] = -0.1643066406;
Wave[21] = -0.0469665527;
Wave[22] = -0.4778747559;
Wave[23] = -0.5116882324;
Wave[24] = -0.4937133789;
Wave[25] = -0.7567443848;
Wave[26] = -0.4017028809;
Wave[27] = -0.1340942383;
Wave[28] = -0.1215209961;
Wave[29] = 0.0479431152;
Wave[30] = 0.1484069824;
Wave[31] = -0.1017150879;
Wave[32] = -0.1962280273;
Wave[33] = -0.1786193848;
Wave[34] = -0.2904663086;
Wave[35] = -0.1236572266;
Wave[36] = 0.1531677246;
Wave[37] = 0.4037475586;
Wave[38] = 0.5931091309;
Wave[39] = 0.7604370117;
Wave[40] = 0.7133483887;
Wave[41] = 0.5238342285;
Wave[42] = 0.2542419434;
Wave[43] = 0.0282287598;
Wave[44] = -0.0665283203;
Wave[45] = -0.0688171387;
Wave[46] = 0.0769348145;
Wave[47] = 0.3861083984;
Wave[48] = 0.5954284668;
Wave[49] = 0.6009216309;
Wave[50] = 0.7704162598;
Wave[51] = 0.82421875;
Wave[52] = 0.6023254395;
Wave[53] = 0.5606689453;
Wave[54] = 0.5652770996;
Wave[55] = 0.1470336914;
Wave[56] = -0.1715393066;
Wave[57] = -0.1553955078;
Wave[58] = -0.1479187012;
Wave[59] = -0.1344909668;
Wave[60] = 0.1909790039;
Wave[61] = 0.592590332;
Wave[62] = 0.511932373;
Wave[63] = 0.2825622559;
Wave[64] = 0.5367736816;
Wave[65] = 0.4983215332;
Wave[66] = 0.1777954102;
Wave[67] = 0.2367553711;
Wave[68] = 0.1140136719;
Wave[69] = -0.403137207;
Wave[70] = -0.8194580078;
Wave[71] = -0.7526550293;
Wave[72] = -0.4706115723;
Wave[73] = -0.4847717285;
Wave[74] = -0.2782592773;
Wave[75] = 0.1148071289;
Wave[76] = -0.1596069336;
Wave[77] = -0.3834228516;
Wave[78] = -0.0964050293;
Wave[79] = 0.0883789062;
Wave[80] = -0.0589599609;
Wave[81] = -0.0933227539;
Wave[82] = -0.1094360352;
Wave[83] = -0.4055786133;
Wave[84] = -0.8385009766;
Wave[85] = -0.7225952148;
Wave[86] = -0.5738830566;
Wave[87] = -0.8007507324;
Wave[88] = -0.8097229004;
Wave[89] = -0.5935668945;
Wave[90] = -0.6914978027;
Wave[91] = -0.5869445801;
Wave[92] = -0.1837158203;
Wave[93] = 0.1195983887;
Wave[94] = 0.1189880371;
Wave[95] = 0.1115722656;
Wave[96] = 0.0419616699;
Wave[97] = -0.2799072266;
Wave[98] = -0.5577087402;
Wave[99] = -0.5663452148;
Wave[100] = -0.6328430176;
Wave[101] = -0.5908508301;
Wave[102] = -0.344329834;
Wave[103] = -0.0909118652;
Wave[104] = 0.1603088379;
Wave[105] = 0.397857666;
Wave[106] = 0.4551391602;
Wave[107] = 0.3785400391;
Wave[108] = 0.1832275391;
Wave[109] = -0.1905212402;
Wave[110] = -0.3052368164;
Wave[111] = -0.2815246582;
Wave[112] = -0.1451721191;
Wave[113] = 0.2989807129;
Wave[114] = 0.8199462891;
Wave[115] = 0.9340209961;
Wave[116] = 0.987701416;
Wave[117] = 0.8656616211;
Wave[118] = 0.2607116699;
Wave[119] = 0.0121459961;
Wave[120] = 0.0252380371;
Wave[121] = 0.013458252;
Wave[122] = 0.3453063965;
Wave[123] = 0.8731994629;
Wave[124] = 0.8668823242;
Wave[125] = 0.8336486816;
Wave[126] = 0.7539672852;
Wave[127] = -0.304107666;
Selected.WaveTable.set(1, Wave);

?>
