#defaults=no
#cm=OSC
Wave=2
<?

float Wave[128];
Wave[0] = -0.4684753418;
Wave[1] = -0.4806213379;
Wave[2] = -0.4735412598;
Wave[3] = -0.525177002;
Wave[4] = -0.5457458496;
Wave[5] = -0.4791259766;
Wave[6] = -0.533416748;
Wave[7] = -0.5660095215;
Wave[8] = -0.616973877;
Wave[9] = -0.5359191895;
Wave[10] = -0.2815551758;
Wave[11] = -0.2204284668;
Wave[12] = -0.1702880859;
Wave[13] = -0.1480712891;
Wave[14] = -0.455871582;
Wave[15] = -0.5138549805;
Wave[16] = -0.4622192383;
Wave[17] = -0.38671875;
Wave[18] = -0.3088684082;
Wave[19] = 0.0850219727;
Wave[20] = 0.458770752;
Wave[21] = 0.5327453613;
Wave[22] = 0.5793457031;
Wave[23] = 0.6701660156;
Wave[24] = 0.4713745117;
Wave[25] = 0.2359313965;
Wave[26] = 0.3128662109;
Wave[27] = 0.3935546875;
Wave[28] = 0.3220825195;
Wave[29] = 0.6342163086;
Wave[30] = 0.8116455078;
Wave[31] = 0.7969665527;
Wave[32] = 0.7679443359;
Wave[33] = 0.6929016113;
Wave[34] = 0.6895141602;
Wave[35] = 0.5862731934;
Wave[36] = 0.5653686523;
Wave[37] = 0.5137939453;
Wave[38] = 0.3703308105;
Wave[39] = 0.3838500977;
Wave[40] = 0.2988586426;
Wave[41] = 0.2547607422;
Wave[42] = 0.1866760254;
Wave[43] = -0.0882873535;
Wave[44] = -0.0637512207;
Wave[45] = 0.129486084;
Wave[46] = 0.1154785156;
Wave[47] = 0.2012634277;
Wave[48] = 0.5223083496;
Wave[49] = 0.5935668945;
Wave[50] = 0.4667053223;
Wave[51] = 0.4007263184;
Wave[52] = 0.1309814453;
Wave[53] = -0.5234985352;
Wave[54] = -0.8506164551;
Wave[55] = -0.9159240723;
Wave[56] = -0.9906921387;
Wave[57] = -0.8827209473;
Wave[58] = -0.4398193359;
Wave[59] = -0.1795043945;
Wave[60] = -0.2059020996;
Wave[61] = -0.1292724609;
Wave[62] = -0.1929931641;
Wave[63] = -0.479095459;
Wave[64] = -0.460723877;
Wave[65] = -0.4820861816;
Wave[66] = -0.4716796875;
Wave[67] = -0.5032348633;
Wave[68] = -0.5734558105;
Wave[69] = -0.4622192383;
Wave[70] = -0.5256958008;
Wave[71] = -0.5547790527;
Wave[72] = -0.6008300781;
Wave[73] = -0.6004943848;
Wave[74] = -0.2982177734;
Wave[75] = -0.2339172363;
Wave[76] = -0.1809692383;
Wave[77] = -0.1335144043;
Wave[78] = -0.3779602051;
Wave[79] = -0.5198364258;
Wave[80] = -0.4766235352;
Wave[81] = -0.4029846191;
Wave[82] = -0.333770752;
Wave[83] = -0.0444030762;
Wave[84] = 0.4277038574;
Wave[85] = 0.5262145996;
Wave[86] = 0.5646362305;
Wave[87] = 0.6608276367;
Wave[88] = 0.5514526367;
Wave[89] = 0.245880127;
Wave[90] = 0.2817687988;
Wave[91] = 0.3883361816;
Wave[92] = 0.3300476074;
Wave[93] = 0.5347290039;
Wave[94] = 0.8139343262;
Wave[95] = 0.8058776855;
Wave[96] = 0.774597168;
Wave[97] = 0.720489502;
Wave[98] = 0.6828918457;
Wave[99] = 0.6074523926;
Wave[100] = 0.5667114258;
Wave[101] = 0.5325622559;
Wave[102] = 0.4100341797;
Wave[103] = 0.3641967773;
Wave[104] = 0.3277587891;
Wave[105] = 0.2618408203;
Wave[106] = 0.2159729004;
Wave[107] = -0.0133972168;
Wave[108] = -0.1268005371;
Wave[109] = 0.1090698242;
Wave[110] = 0.1203613281;
Wave[111] = 0.151550293;
Wave[112] = 0.4575805664;
Wave[113] = 0.6028747559;
Wave[114] = 0.4936218262;
Wave[115] = 0.4273071289;
Wave[116] = 0.2275085449;
Wave[117] = -0.3678588867;
Wave[118] = -0.8235473633;
Wave[119] = -0.9008483887;
Wave[120] = -0.9880981445;
Wave[121] = -0.9320678711;
Wave[122] = -0.5668334961;
Wave[123] = -0.1799926758;
Wave[124] = -0.2094726562;
Wave[125] = -0.1379089355;
Wave[126] = -0.1536865234;
Wave[127] = -0.4650878906;
Selected.WaveTable.set(1, Wave);

?>
