#defaults=no
#cm=OSC
Wave=2
<?

float Wave[128];
Wave[0] = 0.9899902344;
Wave[1] = 0.8471984863;
Wave[2] = 0.7975158691;
Wave[3] = 0.7549133301;
Wave[4] = 0.788482666;
Wave[5] = 0.835723877;
Wave[6] = 0.855255127;
Wave[7] = 0.7812805176;
Wave[8] = 0.5552978516;
Wave[9] = 0.2800598145;
Wave[10] = 0.1020812988;
Wave[11] = 0.2673950195;
Wave[12] = 0.348236084;
Wave[13] = 0.232635498;
Wave[14] = 0.1071777344;
Wave[15] = -0.0249328613;
Wave[16] = -0.0267028809;
Wave[17] = 0.0632629395;
Wave[18] = 0.0203857422;
Wave[19] = 0.0227050781;
Wave[20] = -0.066619873;
Wave[21] = -0.0845336914;
Wave[22] = -0.106628418;
Wave[23] = 0.0015869141;
Wave[24] = 0.0866699219;
Wave[25] = 0.1561584473;
Wave[26] = 0.0793457031;
Wave[27] = 0.0588378906;
Wave[28] = 0.096282959;
Wave[29] = 0.1654663086;
Wave[30] = 0.2218017578;
Wave[31] = 0.1999511719;
Wave[32] = 0.1495056152;
Wave[33] = 0.1541137695;
Wave[34] = 0.1602783203;
Wave[35] = 0.2234191895;
Wave[36] = 0.223236084;
Wave[37] = 0.218963623;
Wave[38] = 0.2078857422;
Wave[39] = 0.152130127;
Wave[40] = 0.1290283203;
Wave[41] = 0.1569519043;
Wave[42] = 0.1666259766;
Wave[43] = 0.1916809082;
Wave[44] = 0.1505737305;
Wave[45] = 0.1449890137;
Wave[46] = 0.1579284668;
Wave[47] = 0.2066040039;
Wave[48] = 0.2328186035;
Wave[49] = 0.2230529785;
Wave[50] = 0.1784667969;
Wave[51] = 0.151550293;
Wave[52] = 0.1425170898;
Wave[53] = 0.0628051758;
Wave[54] = -0.1651306152;
Wave[55] = -0.4055175781;
Wave[56] = -0.5340576172;
Wave[57] = -0.2847595215;
Wave[58] = -0.2379455566;
Wave[59] = -0.2958068848;
Wave[60] = -0.4065856934;
Wave[61] = -0.4846801758;
Wave[62] = -0.4018859863;
Wave[63] = -0.3327636719;
Wave[64] = -0.3262939453;
Wave[65] = -0.3445129395;
Wave[66] = -0.3773193359;
Wave[67] = -0.3856811523;
Wave[68] = -0.4030151367;
Wave[69] = -0.4013061523;
Wave[70] = -0.3897399902;
Wave[71] = -0.3612365723;
Wave[72] = -0.3401794434;
Wave[73] = -0.3311157227;
Wave[74] = -0.321105957;
Wave[75] = -0.2986755371;
Wave[76] = -0.2750244141;
Wave[77] = -0.2528381348;
Wave[78] = -0.254486084;
Wave[79] = -0.2529907227;
Wave[80] = -0.2460327148;
Wave[81] = -0.2351074219;
Wave[82] = -0.2682800293;
Wave[83] = -0.2131347656;
Wave[84] = -0.2709350586;
Wave[85] = -0.1927490234;
Wave[86] = -0.1985473633;
Wave[87] = -0.2098999023;
Wave[88] = -0.1927490234;
Wave[89] = -0.1820983887;
Wave[90] = -0.1892089844;
Wave[91] = -0.2282409668;
Wave[92] = -0.2393798828;
Wave[93] = -0.2481384277;
Wave[94] = -0.2181396484;
Wave[95] = -0.220123291;
Wave[96] = -0.2311401367;
Wave[97] = -0.2418212891;
Wave[98] = -0.2079772949;
Wave[99] = -0.2017822266;
Wave[100] = -0.2224731445;
Wave[101] = -0.2702331543;
Wave[102] = -0.313659668;
Wave[103] = -0.275177002;
Wave[104] = -0.2517089844;
Wave[105] = -0.2842407227;
Wave[106] = -0.2694396973;
Wave[107] = -0.2203979492;
Wave[108] = -0.1960144043;
Wave[109] = -0.1657409668;
Wave[110] = -0.2353820801;
Wave[111] = -0.2823181152;
Wave[112] = -0.2966003418;
Wave[113] = -0.2807617188;
Wave[114] = -0.234588623;
Wave[115] = -0.2072753906;
Wave[116] = -0.2217407227;
Wave[117] = -0.1927490234;
Wave[118] = -0.1469421387;
Wave[119] = -0.1576843262;
Wave[120] = -0.0302734375;
Wave[121] = 0.282989502;
Wave[122] = 0.6572265625;
Wave[123] = 0.8911437988;
Wave[124] = 0.5966796875;
Wave[125] = 0.4172058105;
Wave[126] = 0.5755615234;
Wave[127] = 0.9678649902;
Selected.WaveTable.set(1, Wave);

?>
