#defaults=no
#cm=OSC
Wave=2
<?

float Wave[128];
Wave[0] = 0.5473327637;
Wave[1] = 0.4102172852;
Wave[2] = 0.2878723145;
Wave[3] = 0.1731567383;
Wave[4] = 0.0409851074;
Wave[5] = -0.0866394043;
Wave[6] = -0.200378418;
Wave[7] = -0.3116760254;
Wave[8] = -0.4065551758;
Wave[9] = -0.4891967773;
Wave[10] = -0.5336914062;
Wave[11] = -0.5430603027;
Wave[12] = -0.5451660156;
Wave[13] = -0.5397644043;
Wave[14] = -0.5044555664;
Wave[15] = -0.4541015625;
Wave[16] = -0.4081420898;
Wave[17] = -0.3309936523;
Wave[18] = -0.2449035645;
Wave[19] = -0.1187438965;
Wave[20] = -0.0107116699;
Wave[21] = 0.0511779785;
Wave[22] = 0.0945129395;
Wave[23] = 0.1328735352;
Wave[24] = 0.1557006836;
Wave[25] = 0.1896362305;
Wave[26] = 0.2299499512;
Wave[27] = 0.2584838867;
Wave[28] = 0.2721252441;
Wave[29] = 0.2267456055;
Wave[30] = 0.1588439941;
Wave[31] = 0.0906677246;
Wave[32] = 0.018157959;
Wave[33] = -0.0423583984;
Wave[34] = -0.0788574219;
Wave[35] = -0.1343078613;
Wave[36] = -0.1759033203;
Wave[37] = -0.2094116211;
Wave[38] = -0.2490539551;
Wave[39] = -0.2659301758;
Wave[40] = -0.2643432617;
Wave[41] = -0.2350769043;
Wave[42] = -0.183807373;
Wave[43] = -0.122253418;
Wave[44] = -0.0690307617;
Wave[45] = 0.0017089844;
Wave[46] = 0.0637207031;
Wave[47] = 0.126739502;
Wave[48] = 0.2181396484;
Wave[49] = 0.3240661621;
Wave[50] = 0.4005432129;
Wave[51] = 0.46875;
Wave[52] = 0.5195617676;
Wave[53] = 0.551574707;
Wave[54] = 0.5527648926;
Wave[55] = 0.5143127441;
Wave[56] = 0.4705505371;
Wave[57] = 0.4252624512;
Wave[58] = 0.3542480469;
Wave[59] = 0.2663269043;
Wave[60] = 0.1567687988;
Wave[61] = 0.0328369141;
Wave[62] = -0.1003723145;
Wave[63] = -0.2471313477;
Wave[64] = -0.3764343262;
Wave[65] = -0.4810180664;
Wave[66] = -0.5719299316;
Wave[67] = -0.6599731445;
Wave[68] = -0.7325439453;
Wave[69] = -0.8065185547;
Wave[70] = -0.8385009766;
Wave[71] = -0.8359985352;
Wave[72] = -0.7980041504;
Wave[73] = -0.7293701172;
Wave[74] = -0.6446228027;
Wave[75] = -0.5357055664;
Wave[76] = -0.4203491211;
Wave[77] = -0.2840576172;
Wave[78] = -0.1320495605;
Wave[79] = 0.0225524902;
Wave[80] = 0.2207946777;
Wave[81] = 0.2942199707;
Wave[82] = 0.4586791992;
Wave[83] = 0.6386413574;
Wave[84] = 0.7739257812;
Wave[85] = 0.8775024414;
Wave[86] = 0.9406738281;
Wave[87] = 0.9635925293;
Wave[88] = 0.9831542969;
Wave[89] = 0.9813232422;
Wave[90] = 0.9612121582;
Wave[91] = 0.9108581543;
Wave[92] = 0.8189697266;
Wave[93] = 0.6740112305;
Wave[94] = 0.500793457;
Wave[95] = 0.3243408203;
Wave[96] = 0.1461181641;
Wave[97] = -0.0102233887;
Wave[98] = -0.1740112305;
Wave[99] = -0.3325500488;
Wave[100] = -0.4870605469;
Wave[101] = -0.6484680176;
Wave[102] = -0.7986450195;
Wave[103] = -0.9130249023;
Wave[104] = -0.9764404297;
Wave[105] = -0.9973449707;
Wave[106] = -0.9923400879;
Wave[107] = -0.9636535645;
Wave[108] = -0.9155883789;
Wave[109] = -0.8486633301;
Wave[110] = -0.7661743164;
Wave[111] = -0.6385803223;
Wave[112] = -0.4809265137;
Wave[113] = -0.2957458496;
Wave[114] = -0.1093139648;
Wave[115] = 0.0093383789;
Wave[116] = 0.1187438965;
Wave[117] = 0.2922058105;
Wave[118] = 0.4381408691;
Wave[119] = 0.5770874023;
Wave[120] = 0.6788024902;
Wave[121] = 0.7557373047;
Wave[122] = 0.8053283691;
Wave[123] = 0.8289489746;
Wave[124] = 0.8400878906;
Wave[125] = 0.8334350586;
Wave[126] = 0.7923583984;
Wave[127] = 0.6133422852;
Selected.WaveTable.set(1, Wave);

?>
