#defaults=no
#cm=OSC
Wave=2
<?

float Wave[128];
Wave[0] = 0.2244873047;
Wave[1] = 0.1774597168;
Wave[2] = 0.2017822266;
Wave[3] = 0.2796936035;
Wave[4] = 0.4154968262;
Wave[5] = 0.3502807617;
Wave[6] = 0.295135498;
Wave[7] = 0.2436828613;
Wave[8] = 0.1950683594;
Wave[9] = 0.1488037109;
Wave[10] = -0.2366027832;
Wave[11] = -0.3367004395;
Wave[12] = -0.3434448242;
Wave[13] = -0.2297973633;
Wave[14] = -0.2548217773;
Wave[15] = -0.2710266113;
Wave[16] = -0.2867431641;
Wave[17] = -0.3002319336;
Wave[18] = -0.3116455078;
Wave[19] = -0.270904541;
Wave[20] = -0.2032470703;
Wave[21] = -0.0733642578;
Wave[22] = -0.1086120605;
Wave[23] = -0.1338806152;
Wave[24] = -0.154876709;
Wave[25] = 0.4797973633;
Wave[26] = 0.4055480957;
Wave[27] = 0.3463439941;
Wave[28] = 0.4727783203;
Wave[29] = 0.4434204102;
Wave[30] = 0.5425720215;
Wave[31] = 0.9900512695;
Wave[32] = 0.9192810059;
Wave[33] = 0.8905029297;
Wave[34] = 0.8641052246;
Wave[35] = 0.8320007324;
Wave[36] = 0.8178710938;
Wave[37] = 0.8082275391;
Wave[38] = 0.8006286621;
Wave[39] = 0.502746582;
Wave[40] = 0.4364929199;
Wave[41] = 0.3830871582;
Wave[42] = 0.328704834;
Wave[43] = 0.2750854492;
Wave[44] = 0.2266540527;
Wave[45] = 0.3435058594;
Wave[46] = 0.3170471191;
Wave[47] = 0.3961181641;
Wave[48] = 0.3408508301;
Wave[49] = 0.288482666;
Wave[50] = 0.2341003418;
Wave[51] = 0.1816711426;
Wave[52] = 0.1303405762;
Wave[53] = 0.2372741699;
Wave[54] = 0.6455688477;
Wave[55] = 0.6457824707;
Wave[56] = 0.6181640625;
Wave[57] = 0.5845031738;
Wave[58] = 0.5496520996;
Wave[59] = 0.5110778809;
Wave[60] = 0.4699707031;
Wave[61] = 0.4281311035;
Wave[62] = 0.4790039062;
Wave[63] = 0.4511108398;
Wave[64] = 0.4773254395;
Wave[65] = 0.4400024414;
Wave[66] = 0.3991394043;
Wave[67] = -0.0510559082;
Wave[68] = -0.2749633789;
Wave[69] = -0.3160705566;
Wave[70] = -0.2037353516;
Wave[71] = -0.1976928711;
Wave[72] = -0.0637512207;
Wave[73] = -0.1204833984;
Wave[74] = -0.165802002;
Wave[75] = -0.2121887207;
Wave[76] = -0.2554321289;
Wave[77] = -0.2968444824;
Wave[78] = -0.3307495117;
Wave[79] = -0.1839294434;
Wave[80] = -0.1784362793;
Wave[81] = -0.3182067871;
Wave[82] = -0.853515625;
Wave[83] = -0.8558044434;
Wave[84] = -0.8405456543;
Wave[85] = -0.8301391602;
Wave[86] = -0.8184814453;
Wave[87] = -0.8081359863;
Wave[88] = -0.7571411133;
Wave[89] = -0.7284545898;
Wave[90] = -0.646484375;
Wave[91] = -0.6506652832;
Wave[92] = -0.649597168;
Wave[93] = -0.6478881836;
Wave[94] = -0.6447143555;
Wave[95] = -0.6405639648;
Wave[96] = -0.5179138184;
Wave[97] = -0.0420227051;
Wave[98] = -0.0247802734;
Wave[99] = 0.0517272949;
Wave[100] = 0.0079040527;
Wave[101] = -0.0372924805;
Wave[102] = -0.0774230957;
Wave[103] = -0.1156921387;
Wave[104] = -0.1515197754;
Wave[105] = -0.0051574707;
Wave[106] = -0.0316467285;
Wave[107] = 0.0918884277;
Wave[108] = 0.0479736328;
Wave[109] = 0.0018920898;
Wave[110] = -0.6106567383;
Wave[111] = -0.5594787598;
Wave[112] = -0.558013916;
Wave[113] = -0.5556640625;
Wave[114] = -0.4615783691;
Wave[115] = -0.4351806641;
Wave[116] = -0.3711547852;
Wave[117] = -0.3818359375;
Wave[118] = -0.3926696777;
Wave[119] = -0.4001159668;
Wave[120] = -0.4064941406;
Wave[121] = -0.411315918;
Wave[122] = -0.3019104004;
Wave[123] = -0.306427002;
Wave[124] = -0.1944885254;
Wave[125] = 0.3677062988;
Wave[126] = 0.343963623;
Wave[127] = 0.2425842285;
Selected.WaveTable.set(1, Wave);

?>
