#defaults=no
#cm=OSC
Wave=2
<?

float Wave[128];
Wave[0] = -0.1070556641;
Wave[1] = -0.0818481445;
Wave[2] = 0.217956543;
Wave[3] = 0.2270812988;
Wave[4] = -0.0021362305;
Wave[5] = -0.0970153809;
Wave[6] = -0.0907897949;
Wave[7] = 0.4323425293;
Wave[8] = 0.8026733398;
Wave[9] = 0.6075134277;
Wave[10] = 0.2886962891;
Wave[11] = -0.0439758301;
Wave[12] = 0.0195617676;
Wave[13] = 0.3787841797;
Wave[14] = 0.484375;
Wave[15] = 0.0003051758;
Wave[16] = -0.3610229492;
Wave[17] = -0.4730834961;
Wave[18] = -0.3130187988;
Wave[19] = -0.0834350586;
Wave[20] = -0.1379089355;
Wave[21] = -0.3303222656;
Wave[22] = -0.1953735352;
Wave[23] = -0.0680236816;
Wave[24] = -0.0726928711;
Wave[25] = -0.1180114746;
Wave[26] = -0.764831543;
Wave[27] = -0.9493713379;
Wave[28] = -0.8584594727;
Wave[29] = -0.7125244141;
Wave[30] = -0.6561889648;
Wave[31] = -0.7941589355;
Wave[32] = -0.8422851562;
Wave[33] = -0.6042480469;
Wave[34] = 0.1011047363;
Wave[35] = 0.0372009277;
Wave[36] = -0.2441101074;
Wave[37] = -0.5208740234;
Wave[38] = -0.6393127441;
Wave[39] = -0.2467651367;
Wave[40] = 0.2763366699;
Wave[41] = 0.2733459473;
Wave[42] = -0.0705871582;
Wave[43] = -0.478515625;
Wave[44] = -0.5534362793;
Wave[45] = 0.117401123;
Wave[46] = 0.324005127;
Wave[47] = 0.5453186035;
Wave[48] = 0.7327880859;
Wave[49] = 0.8310852051;
Wave[50] = 0.7521972656;
Wave[51] = 0.5633544922;
Wave[52] = 0.1739807129;
Wave[53] = -0.5060119629;
Wave[54] = -0.1833496094;
Wave[55] = 0.2822570801;
Wave[56] = 0.6237182617;
Wave[57] = 0.628692627;
Wave[58] = 0.2255859375;
Wave[59] = 0.0377807617;
Wave[60] = 0.2164306641;
Wave[61] = 0.5444946289;
Wave[62] = 0.7297973633;
Wave[63] = 0.5577392578;
Wave[64] = 0.0158996582;
Wave[65] = -0.0916137695;
Wave[66] = 0.0802307129;
Wave[67] = 0.2341003418;
Wave[68] = 0.1868286133;
Wave[69] = 0.0826721191;
Wave[70] = -0.0332641602;
Wave[71] = 0.2957458496;
Wave[72] = 0.7438049316;
Wave[73] = 0.3966369629;
Wave[74] = 0.1213989258;
Wave[75] = -0.0200195312;
Wave[76] = 0.1491088867;
Wave[77] = 0.5281066895;
Wave[78] = 0.586517334;
Wave[79] = 0.0913391113;
Wave[80] = -0.3671875;
Wave[81] = -0.4805603027;
Wave[82] = -0.3333129883;
Wave[83] = -0.0985717773;
Wave[84] = -0.1832885742;
Wave[85] = -0.4957885742;
Wave[86] = -0.4000549316;
Wave[87] = -0.0958251953;
Wave[88] = 0.1304016113;
Wave[89] = 0.1673583984;
Wave[90] = -0.5330810547;
Wave[91] = -0.9757080078;
Wave[92] = -0.9350585938;
Wave[93] = -0.9064025879;
Wave[94] = -0.8483276367;
Wave[95] = -0.798614502;
Wave[96] = -0.745513916;
Wave[97] = -0.6551513672;
Wave[98] = -0.0561828613;
Wave[99] = 0.0612792969;
Wave[100] = -0.0640869141;
Wave[101] = -0.2746276855;
Wave[102] = -0.466217041;
Wave[103] = -0.3144226074;
Wave[104] = 0.0092468262;
Wave[105] = -0.0810852051;
Wave[106] = -0.3389282227;
Wave[107] = -0.4667053223;
Wave[108] = -0.2754516602;
Wave[109] = 0.5231323242;
Wave[110] = 0.7255859375;
Wave[111] = 0.5712585449;
Wave[112] = 0.3361206055;
Wave[113] = 0.269744873;
Wave[114] = 0.3315124512;
Wave[115] = 0.528137207;
Wave[116] = 0.6513671875;
Wave[117] = 0.050201416;
Wave[118] = 0.1505737305;
Wave[119] = 0.2702331543;
Wave[120] = 0.3036804199;
Wave[121] = 0.2500610352;
Wave[122] = -0.0015869141;
Wave[123] = -0.0000305176;
Wave[124] = 0.326385498;
Wave[125] = 0.7279663086;
Wave[126] = 0.8907470703;
Wave[127] = -0.011138916;
Selected.WaveTable.set(1, Wave);

?>
