#defaults=no
#cm=OSC
Wave=2
<?

float Wave[128];
Wave[0] = -0.4457702637;
Wave[1] = 0.2885131836;
Wave[2] = -0.0847473145;
Wave[3] = -0.4945678711;
Wave[4] = -0.6156616211;
Wave[5] = -0.4353637695;
Wave[6] = -0.5750427246;
Wave[7] = -0.368927002;
Wave[8] = 0.124786377;
Wave[9] = 0.0448608398;
Wave[10] = 0.3740539551;
Wave[11] = 0.0440368652;
Wave[12] = 0.0773620605;
Wave[13] = 0.0765075684;
Wave[14] = -0.1332397461;
Wave[15] = -0.2698669434;
Wave[16] = -0.2266845703;
Wave[17] = 0.4397277832;
Wave[18] = 0.5161132812;
Wave[19] = -0.1517944336;
Wave[20] = -0.2646484375;
Wave[21] = 0.1778869629;
Wave[22] = 0.3606262207;
Wave[23] = 0.500793457;
Wave[24] = 0.9873962402;
Wave[25] = 0.8590087891;
Wave[26] = 0.1260986328;
Wave[27] = 0.1841125488;
Wave[28] = 0.9224243164;
Wave[29] = 0.2604064941;
Wave[30] = -0.2489013672;
Wave[31] = -0.1670227051;
Wave[32] = 0.5923156738;
Wave[33] = 0.5953369141;
Wave[34] = 0.8531494141;
Wave[35] = 0.9288024902;
Wave[36] = 0.6252441406;
Wave[37] = 0.3372802734;
Wave[38] = 0.1531982422;
Wave[39] = 0.8097229004;
Wave[40] = 0.6897888184;
Wave[41] = 0.5970458984;
Wave[42] = 0.5193481445;
Wave[43] = 0.5228271484;
Wave[44] = 0.3606262207;
Wave[45] = -0.0503845215;
Wave[46] = 0.2032165527;
Wave[47] = 0.4754638672;
Wave[48] = 0.6849365234;
Wave[49] = 0.3474731445;
Wave[50] = 0.4078369141;
Wave[51] = 0.591217041;
Wave[52] = 0.4426269531;
Wave[53] = -0.0982971191;
Wave[54] = 0.1943054199;
Wave[55] = -0.0983886719;
Wave[56] = -0.0078430176;
Wave[57] = 0.1598205566;
Wave[58] = 0.3949584961;
Wave[59] = 0.4926452637;
Wave[60] = -0.3510437012;
Wave[61] = -0.2893066406;
Wave[62] = -0.2358703613;
Wave[63] = 0.2006835938;
Wave[64] = 0.0343322754;
Wave[65] = -0.2320861816;
Wave[66] = 0.4065856934;
Wave[67] = 0.0248413086;
Wave[68] = -0.1951293945;
Wave[69] = -0.1128540039;
Wave[70] = -0.188079834;
Wave[71] = -0.2452392578;
Wave[72] = -0.5706481934;
Wave[73] = -0.0570983887;
Wave[74] = 0.478729248;
Wave[75] = -0.4119262695;
Wave[76] = -0.6374816895;
Wave[77] = -0.308807373;
Wave[78] = -0.4027404785;
Wave[79] = -0.4676208496;
Wave[80] = -0.2586364746;
Wave[81] = 0.5003051758;
Wave[82] = -0.3532104492;
Wave[83] = -0.3517150879;
Wave[84] = -0.2538757324;
Wave[85] = -0.5765075684;
Wave[86] = -0.5406799316;
Wave[87] = -0.7691955566;
Wave[88] = -0.0921630859;
Wave[89] = -0.0574951172;
Wave[90] = -0.1450805664;
Wave[91] = -0.063293457;
Wave[92] = -0.0966186523;
Wave[93] = -0.1415100098;
Wave[94] = -0.191986084;
Wave[95] = -0.3981933594;
Wave[96] = -0.0061035156;
Wave[97] = 0.1664123535;
Wave[98] = 0.127746582;
Wave[99] = -0.0615539551;
Wave[100] = -0.0758361816;
Wave[101] = 0.1065979004;
Wave[102] = -0.7558898926;
Wave[103] = -0.2264404297;
Wave[104] = 0.0345458984;
Wave[105] = 0.137878418;
Wave[106] = 0.0640563965;
Wave[107] = 0.1930236816;
Wave[108] = 0.0843505859;
Wave[109] = -0.856842041;
Wave[110] = -0.6345825195;
Wave[111] = -0.1035461426;
Wave[112] = -0.0218505859;
Wave[113] = -0.0480957031;
Wave[114] = -0.2766723633;
Wave[115] = 0.0625;
Wave[116] = -0.0097045898;
Wave[117] = -0.493560791;
Wave[118] = -0.4884643555;
Wave[119] = -0.3895874023;
Wave[120] = -0.5393066406;
Wave[121] = -0.3829040527;
Wave[122] = -0.1961364746;
Wave[123] = 0.0286254883;
Wave[124] = -0.4003295898;
Wave[125] = -0.4749755859;
Wave[126] = -0.2368469238;
Wave[127] = -0.2683105469;
Selected.WaveTable.set(1, Wave);

?>
