#defaults=no
#cm=OSC
Wave=2
<?

float Wave[128];
Wave[0] = 0.3634643555;
Wave[1] = 0.3193969727;
Wave[2] = 0.25;
Wave[3] = 0.1562805176;
Wave[4] = -0.1850891113;
Wave[5] = -0.1875915527;
Wave[6] = -0.0695495605;
Wave[7] = -0.0645446777;
Wave[8] = -0.3152770996;
Wave[9] = -0.3250732422;
Wave[10] = 0.0330505371;
Wave[11] = -0.2650146484;
Wave[12] = -0.1740722656;
Wave[13] = 0.2621154785;
Wave[14] = -0.2284851074;
Wave[15] = 0.031036377;
Wave[16] = 0.302947998;
Wave[17] = 0.1075439453;
Wave[18] = -0.0215148926;
Wave[19] = 0.0021362305;
Wave[20] = -0.353515625;
Wave[21] = -0.3417053223;
Wave[22] = -0.3233947754;
Wave[23] = -0.302520752;
Wave[24] = -0.3634338379;
Wave[25] = -0.7986450195;
Wave[26] = -0.5364685059;
Wave[27] = -0.1248779297;
Wave[28] = -0.5651245117;
Wave[29] = 0.2640991211;
Wave[30] = 0.3809509277;
Wave[31] = -0.140411377;
Wave[32] = 0.191192627;
Wave[33] = 0.8686218262;
Wave[34] = 0.9732055664;
Wave[35] = 0.9427490234;
Wave[36] = 0.7861938477;
Wave[37] = 0.8829040527;
Wave[38] = 0.4244384766;
Wave[39] = -0.0221557617;
Wave[40] = 0.5296325684;
Wave[41] = 0.5448913574;
Wave[42] = -0.5238952637;
Wave[43] = -0.4726867676;
Wave[44] = -0.4716796875;
Wave[45] = -0.8166809082;
Wave[46] = -0.5806274414;
Wave[47] = -0.3616333008;
Wave[48] = -0.428314209;
Wave[49] = -0.6544189453;
Wave[50] = -0.7001342773;
Wave[51] = -0.1430969238;
Wave[52] = 0.0713500977;
Wave[53] = 0.1185913086;
Wave[54] = 0.2642211914;
Wave[55] = 0.1434631348;
Wave[56] = -0.1525878906;
Wave[57] = -0.0763244629;
Wave[58] = 0.1614685059;
Wave[59] = -0.0102539062;
Wave[60] = 0.1866760254;
Wave[61] = -0.2366943359;
Wave[62] = -0.4892578125;
Wave[63] = 0.0297851562;
Wave[64] = 0.0757751465;
Wave[65] = -0.0164489746;
Wave[66] = 0.0833129883;
Wave[67] = 0.3684082031;
Wave[68] = 0.2272949219;
Wave[69] = 0.3006591797;
Wave[70] = 0.6901245117;
Wave[71] = 0.8285827637;
Wave[72] = 0.7690429688;
Wave[73] = 0.2940063477;
Wave[74] = 0.6901245117;
Wave[75] = 0.4875793457;
Wave[76] = -0.0536804199;
Wave[77] = 0.2619628906;
Wave[78] = -0.2414245605;
Wave[79] = -0.5723571777;
Wave[80] = -0.3248901367;
Wave[81] = -0.6049804688;
Wave[82] = -0.9133605957;
Wave[83] = -0.9233703613;
Wave[84] = -0.8106384277;
Wave[85] = -0.8981933594;
Wave[86] = -0.8141479492;
Wave[87] = -0.6588439941;
Wave[88] = -0.2507019043;
Wave[89] = -0.4879760742;
Wave[90] = -0.3639831543;
Wave[91] = 0.5685119629;
Wave[92] = 0.4136047363;
Wave[93] = 0.1702270508;
Wave[94] = 0.6191101074;
Wave[95] = 0.7708129883;
Wave[96] = 0.6399536133;
Wave[97] = 0.9715270996;
Wave[98] = 0.8811645508;
Wave[99] = 0.9201049805;
Wave[100] = 0.5658569336;
Wave[101] = 0.3788146973;
Wave[102] = 0.6803283691;
Wave[103] = 0.4715270996;
Wave[104] = 0.022277832;
Wave[105] = -0.1123352051;
Wave[106] = -0.3800964355;
Wave[107] = -0.303894043;
Wave[108] = -0.0096435547;
Wave[109] = -0.8652038574;
Wave[110] = -0.6970825195;
Wave[111] = -0.5315246582;
Wave[112] = -0.8699951172;
Wave[113] = -0.9126281738;
Wave[114] = -0.4410095215;
Wave[115] = -0.3024597168;
Wave[116] = -0.660949707;
Wave[117] = -0.6690368652;
Wave[118] = -0.0081176758;
Wave[119] = 0.3355102539;
Wave[120] = -0.0058288574;
Wave[121] = -0.0635986328;
Wave[122] = 0.5719604492;
Wave[123] = 0.3002319336;
Wave[124] = 0.3838806152;
Wave[125] = 0.8823852539;
Wave[126] = 0.4258422852;
Wave[127] = 0.3832702637;
Selected.WaveTable.set(1, Wave);

?>
