#defaults=no
#cm=OSC
Wave=2
<?

float Wave[128];
Wave[0] = 0.1552429199;
Wave[1] = 0.4200134277;
Wave[2] = 0.7616271973;
Wave[3] = 0.5812988281;
Wave[4] = 0.0308227539;
Wave[5] = -0.4231872559;
Wave[6] = -0.7703552246;
Wave[7] = -0.9153747559;
Wave[8] = -0.525604248;
Wave[9] = 0.2411804199;
Wave[10] = 0.7409057617;
Wave[11] = 0.9342956543;
Wave[12] = 0.8867492676;
Wave[13] = 0.3807983398;
Wave[14] = -0.2352905273;
Wave[15] = -0.4475097656;
Wave[16] = -0.560546875;
Wave[17] = -0.4610595703;
Wave[18] = -0.1066894531;
Wave[19] = -0.0335693359;
Wave[20] = -0.3034973145;
Wave[21] = -0.5000915527;
Wave[22] = -0.5634765625;
Wave[23] = -0.5746765137;
Wave[24] = -0.3046875;
Wave[25] = 0.3495788574;
Wave[26] = 0.702545166;
Wave[27] = 0.825958252;
Wave[28] = 0.8086547852;
Wave[29] = 0.3740844727;
Wave[30] = 0.0070800781;
Wave[31] = 0.0038452148;
Wave[32] = 0.1141662598;
Wave[33] = 0.3157043457;
Wave[34] = 0.6610717773;
Wave[35] = 0.8333435059;
Wave[36] = 0.4748535156;
Wave[37] = 0.0806884766;
Wave[38] = -0.1489562988;
Wave[39] = -0.4043579102;
Wave[40] = -0.3275146484;
Wave[41] = 0.0723876953;
Wave[42] = 0.1879577637;
Wave[43] = 0.1796264648;
Wave[44] = 0.0528564453;
Wave[45] = -0.4112243652;
Wave[46] = -0.9064331055;
Wave[47] = -0.9750061035;
Wave[48] = -0.813873291;
Wave[49] = -0.6119995117;
Wave[50] = -0.2440185547;
Wave[51] = 0.0870361328;
Wave[52] = -0.099609375;
Wave[53] = -0.2353820801;
Wave[54] = -0.2999572754;
Wave[55] = -0.4216003418;
Wave[56] = -0.1368408203;
Wave[57] = 0.4405212402;
Wave[58] = 0.7919921875;
Wave[59] = 0.931060791;
Wave[60] = 0.9211425781;
Wave[61] = 0.6202697754;
Wave[62] = 0.0777587891;
Wave[63] = -0.1005859375;
Wave[64] = -0.0618896484;
Wave[65] = -0.0185546875;
Wave[66] = 0.2568664551;
Wave[67] = 0.3612365723;
Wave[68] = -0.0067749023;
Wave[69] = -0.3509216309;
Wave[70] = -0.6495056152;
Wave[71] = -0.9383850098;
Wave[72] = -0.8973693848;
Wave[73] = -0.3989257812;
Wave[74] = 0.0184631348;
Wave[75] = 0.1792602539;
Wave[76] = 0.2542419434;
Wave[77] = 0.0816650391;
Wave[78] = -0.3203430176;
Wave[79] = -0.2893371582;
Wave[80] = -0.0976257324;
Wave[81] = 0.1814575195;
Wave[82] = 0.6767578125;
Wave[83] = 0.9710083008;
Wave[84] = 0.7388916016;
Wave[85] = 0.3813781738;
Wave[86] = 0.1123657227;
Wave[87] = -0.138092041;
Wave[88] = -0.2394714355;
Wave[89] = 0.1195983887;
Wave[90] = 0.3745422363;
Wave[91] = 0.3390808105;
Wave[92] = 0.2227783203;
Wave[93] = -0.2114257812;
Wave[94] = -0.7862243652;
Wave[95] = -0.9344787598;
Wave[96] = -0.8735046387;
Wave[97] = -0.703704834;
Wave[98] = -0.3554992676;
Wave[99] = 0.0026550293;
Wave[100] = -0.1094970703;
Wave[101] = -0.4356994629;
Wave[102] = -0.5620117188;
Wave[103] = -0.6615905762;
Wave[104] = -0.5910644531;
Wave[105] = -0.0347290039;
Wave[106] = 0.3422546387;
Wave[107] = 0.5281677246;
Wave[108] = 0.6305236816;
Wave[109] = 0.4323425293;
Wave[110] = 0.0140075684;
Wave[111] = -0.095916748;
Wave[112] = 0.1055908203;
Wave[113] = 0.3235168457;
Wave[114] = 0.6072387695;
Wave[115] = 0.9622802734;
Wave[116] = 0.7960510254;
Wave[117] = 0.3941955566;
Wave[118] = 0.1010131836;
Wave[119] = -0.3162231445;
Wave[120] = -0.5273132324;
Wave[121] = -0.2655334473;
Wave[122] = -0.0597839355;
Wave[123] = -0.0119018555;
Wave[124] = 0.008026123;
Wave[125] = -0.0589294434;
Wave[126] = -0.3378295898;
Wave[127] = -0.0309753418;
Selected.WaveTable.set(1, Wave);

?>
