#defaults=no
#cm=OSC
Wave=2
<?

float Wave[128];
Wave[0] = -0.0450439453;
Wave[1] = -0.0772705078;
Wave[2] = 0.3563842773;
Wave[3] = 0.7180175781;
Wave[4] = 0.8450317383;
Wave[5] = 0.5291137695;
Wave[6] = 0.0462341309;
Wave[7] = -0.0962219238;
Wave[8] = 0.2983093262;
Wave[9] = 0.6821289062;
Wave[10] = 0.4488830566;
Wave[11] = -0.3202209473;
Wave[12] = -0.3486328125;
Wave[13] = 0.1109008789;
Wave[14] = -0.106048584;
Wave[15] = -0.7292785645;
Wave[16] = -0.918762207;
Wave[17] = -0.3107299805;
Wave[18] = -0.1539306641;
Wave[19] = -0.6361999512;
Wave[20] = -0.9768371582;
Wave[21] = -0.704284668;
Wave[22] = -0.2227783203;
Wave[23] = 0.1225891113;
Wave[24] = -0.1813964844;
Wave[25] = -0.4212646484;
Wave[26] = -0.7232971191;
Wave[27] = -0.5754089355;
Wave[28] = -0.2386169434;
Wave[29] = 0.0917053223;
Wave[30] = 0.1257629395;
Wave[31] = -0.0781555176;
Wave[32] = -0.5664978027;
Wave[33] = -0.833190918;
Wave[34] = -0.6989746094;
Wave[35] = -0.2339782715;
Wave[36] = 0.2592773438;
Wave[37] = 0.5132141113;
Wave[38] = 0.1845397949;
Wave[39] = -0.1358947754;
Wave[40] = -0.2012023926;
Wave[41] = 0.0854797363;
Wave[42] = 0.5463867188;
Wave[43] = 0.5741271973;
Wave[44] = 0.0847473145;
Wave[45] = -0.2971496582;
Wave[46] = -0.5737915039;
Wave[47] = -0.0825805664;
Wave[48] = 0.2068786621;
Wave[49] = 0.2749633789;
Wave[50] = -0.1115112305;
Wave[51] = -0.4302368164;
Wave[52] = -0.3564147949;
Wave[53] = 0.2775268555;
Wave[54] = 0.6411437988;
Wave[55] = 0.9254760742;
Wave[56] = 0.5377197266;
Wave[57] = 0.195098877;
Wave[58] = 0.0527648926;
Wave[59] = 0.2774353027;
Wave[60] = 0.6114807129;
Wave[61] = 0.8121948242;
Wave[62] = 0.7108764648;
Wave[63] = 0.2841491699;
Wave[64] = 0.0139160156;
Wave[65] = -0.112121582;
Wave[66] = 0.1432189941;
Wave[67] = 0.5726013184;
Wave[68] = 0.8235778809;
Wave[69] = 0.7069091797;
Wave[70] = 0.2510375977;
Wave[71] = -0.1037902832;
Wave[72] = 0.0771484375;
Wave[73] = 0.5807495117;
Wave[74] = 0.6340942383;
Wave[75] = 0.039276123;
Wave[76] = -0.5387268066;
Wave[77] = -0.0039367676;
Wave[78] = 0.0442810059;
Wave[79] = -0.422668457;
Wave[80] = -0.9800720215;
Wave[81] = -0.5867004395;
Wave[82] = -0.125213623;
Wave[83] = -0.3722229004;
Wave[84] = -0.9013366699;
Wave[85] = -0.8711547852;
Wave[86] = -0.4548950195;
Wave[87] = 0.0373535156;
Wave[88] = -0.008605957;
Wave[89] = -0.3269348145;
Wave[90] = -0.5970458984;
Wave[91] = -0.7159423828;
Wave[92] = -0.3918151855;
Wave[93] = -0.0397949219;
Wave[94] = 0.1596374512;
Wave[95] = 0.0650939941;
Wave[96] = -0.3524475098;
Wave[97] = -0.7420349121;
Wave[98] = -0.8245544434;
Wave[99] = -0.4106445312;
Wave[100] = 0.0114135742;
Wave[101] = 0.5018920898;
Wave[102] = 0.3426818848;
Wave[103] = 0.0193786621;
Wave[104] = -0.2425842285;
Wave[105] = -0.0614318848;
Wave[106] = 0.3085021973;
Wave[107] = 0.6841125488;
Wave[108] = 0.2648925781;
Wave[109] = -0.091003418;
Wave[110] = -0.5721130371;
Wave[111] = -0.3262939453;
Wave[112] = 0.1106872559;
Wave[113] = 0.308013916;
Wave[114] = 0.1011962891;
Wave[115] = -0.3056030273;
Wave[116] = -0.4770202637;
Wave[117] = -0.0136413574;
Wave[118] = 0.4792480469;
Wave[119] = 0.8637084961;
Wave[120] = 0.7519226074;
Wave[121] = 0.3221740723;
Wave[122] = 0.0590515137;
Wave[123] = 0.1557617188;
Wave[124] = 0.4504089355;
Wave[125] = 0.7611999512;
Wave[126] = 0.7828979492;
Wave[127] = 0.0911865234;
Selected.WaveTable.set(1, Wave);

?>
