#defaults=no
#cm=OSC
Wave=2
<?

float Wave[128];
Wave[0] = 0.0191955566;
Wave[1] = -0.0219116211;
Wave[2] = -0.1829833984;
Wave[3] = -0.4565429688;
Wave[4] = -0.5744628906;
Wave[5] = -0.5908813477;
Wave[6] = -0.6703796387;
Wave[7] = -0.6544189453;
Wave[8] = -0.5559692383;
Wave[9] = -0.5667724609;
Wave[10] = -0.6219482422;
Wave[11] = -0.5932006836;
Wave[12] = -0.6226196289;
Wave[13] = -0.6797790527;
Wave[14] = -0.6131286621;
Wave[15] = -0.5317993164;
Wave[16] = -0.5543518066;
Wave[17] = -0.5659484863;
Wave[18] = -0.5046386719;
Wave[19] = -0.5072631836;
Wave[20] = -0.5303955078;
Wave[21] = -0.5029907227;
Wave[22] = -0.5107421875;
Wave[23] = -0.6005859375;
Wave[24] = -0.6211242676;
Wave[25] = -0.6091003418;
Wave[26] = -0.6436767578;
Wave[27] = -0.6543884277;
Wave[28] = -0.5935668945;
Wave[29] = -0.5733337402;
Wave[30] = -0.5811767578;
Wave[31] = -0.521697998;
Wave[32] = -0.494140625;
Wave[33] = -0.5096435547;
Wave[34] = -0.4830627441;
Wave[35] = -0.4353027344;
Wave[36] = -0.4091491699;
Wave[37] = -0.3594055176;
Wave[38] = -0.309967041;
Wave[39] = -0.3079528809;
Wave[40] = -0.3192138672;
Wave[41] = -0.3068237305;
Wave[42] = -0.2673339844;
Wave[43] = -0.2180480957;
Wave[44] = -0.1967163086;
Wave[45] = -0.1532287598;
Wave[46] = -0.1051330566;
Wave[47] = -0.1166687012;
Wave[48] = -0.1231689453;
Wave[49] = -0.0605163574;
Wave[50] = -0.0328674316;
Wave[51] = -0.0331726074;
Wave[52] = -0.0266723633;
Wave[53] = -0.0934448242;
Wave[54] = -0.2448120117;
Wave[55] = -0.3191223145;
Wave[56] = -0.3417663574;
Wave[57] = -0.3819885254;
Wave[58] = -0.33203125;
Wave[59] = -0.2004089355;
Wave[60] = -0.1507568359;
Wave[61] = -0.1458129883;
Wave[62] = -0.0810546875;
Wave[63] = -0.053894043;
Wave[64] = -0.0563964844;
Wave[65] = 0.0504760742;
Wave[66] = 0.1937866211;
Wave[67] = 0.2321777344;
Wave[68] = 0.2888183594;
Wave[69] = 0.3627929688;
Wave[70] = 0.3455200195;
Wave[71] = 0.3074035645;
Wave[72] = 0.3677368164;
Wave[73] = 0.3704833984;
Wave[74] = 0.2882080078;
Wave[75] = 0.2700500488;
Wave[76] = 0.2211303711;
Wave[77] = 0.0899047852;
Wave[78] = 0.0718994141;
Wave[79] = 0.1555786133;
Wave[80] = 0.209564209;
Wave[81] = 0.3540039062;
Wave[82] = 0.5787963867;
Wave[83] = 0.6701660156;
Wave[84] = 0.7169494629;
Wave[85] = 0.835144043;
Wave[86] = 0.8890075684;
Wave[87] = 0.9026794434;
Wave[88] = 0.9720153809;
Wave[89] = 0.9877624512;
Wave[90] = 0.9501342773;
Wave[91] = 0.913482666;
Wave[92] = 0.8147277832;
Wave[93] = 0.6620178223;
Wave[94] = 0.5836181641;
Wave[95] = 0.518951416;
Wave[96] = 0.4660949707;
Wave[97] = 0.4920349121;
Wave[98] = 0.5133056641;
Wave[99] = 0.4805908203;
Wave[100] = 0.4731445312;
Wave[101] = 0.4494934082;
Wave[102] = 0.3870239258;
Wave[103] = 0.4182128906;
Wave[104] = 0.4709472656;
Wave[105] = 0.4397888184;
Wave[106] = 0.407989502;
Wave[107] = 0.422668457;
Wave[108] = 0.3561401367;
Wave[109] = 0.2912902832;
Wave[110] = 0.3115539551;
Wave[111] = 0.2969970703;
Wave[112] = 0.2633361816;
Wave[113] = 0.2779846191;
Wave[114] = 0.234954834;
Wave[115] = 0.0702514648;
Wave[116] = 0.0027770996;
Wave[117] = 0.0170288086;
Wave[118] = -0.0211486816;
Wave[119] = -0.0021972656;
Wave[120] = 0.139831543;
Wave[121] = 0.1784667969;
Wave[122] = 0.1174621582;
Wave[123] = 0.1392211914;
Wave[124] = 0.115814209;
Wave[125] = 0.0249633789;
Wave[126] = 0.082244873;
Wave[127] = 0.0902099609;
Selected.WaveTable.set(1, Wave);

?>
