#defaults=no
#cm=OSC
Wave=2
<?

float Wave[128];
Wave[0] = -0.7192382812;
Wave[1] = -0.7402954102;
Wave[2] = -0.7613220215;
Wave[3] = -0.7816772461;
Wave[4] = -0.8018493652;
Wave[5] = -0.8216247559;
Wave[6] = -0.841217041;
Wave[7] = -0.8603210449;
Wave[8] = -0.8792724609;
Wave[9] = -0.8973388672;
Wave[10] = -0.9157104492;
Wave[11] = -0.933380127;
Wave[12] = -0.950378418;
Wave[13] = -0.9659729004;
Wave[14] = -0.9190979004;
Wave[15] = -0.8737182617;
Wave[16] = -0.8291931152;
Wave[17] = -0.7854919434;
Wave[18] = -0.7423706055;
Wave[19] = -0.6994018555;
Wave[20] = -0.6573791504;
Wave[21] = -0.6159057617;
Wave[22] = -0.5750427246;
Wave[23] = -0.534576416;
Wave[24] = -0.4949645996;
Wave[25] = -0.4555969238;
Wave[26] = -0.4164428711;
Wave[27] = -0.378326416;
Wave[28] = -0.3406677246;
Wave[29] = -0.303314209;
Wave[30] = -0.2664794922;
Wave[31] = -0.2303161621;
Wave[32] = -0.1944580078;
Wave[33] = -0.1591796875;
Wave[34] = -0.1243286133;
Wave[35] = -0.0898742676;
Wave[36] = -0.0561828613;
Wave[37] = -0.0227050781;
Wave[38] = 0.0101318359;
Wave[39] = 0.0426635742;
Wave[40] = 0.0744628906;
Wave[41] = 0.1059570312;
Wave[42] = 0.1372680664;
Wave[43] = 0.1679077148;
Wave[44] = 0.1979980469;
Wave[45] = 0.2276000977;
Wave[46] = 0.2573242188;
Wave[47] = 0.2863464355;
Wave[48] = 0.3147277832;
Wave[49] = 0.3426513672;
Wave[50] = 0.370300293;
Wave[51] = 0.3974914551;
Wave[52] = 0.4242248535;
Wave[53] = 0.4503173828;
Wave[54] = 0.4765014648;
Wave[55] = 0.501953125;
Wave[56] = 0.5271606445;
Wave[57] = 0.5516662598;
Wave[58] = 0.5758972168;
Wave[59] = 0.5997619629;
Wave[60] = 0.6234741211;
Wave[61] = 0.6466369629;
Wave[62] = 0.6695251465;
Wave[63] = 0.6919250488;
Wave[64] = 0.7134399414;
Wave[65] = 0.7351989746;
Wave[66] = 0.7565307617;
Wave[67] = 0.7774353027;
Wave[68] = 0.7979431152;
Wave[69] = 0.8179321289;
Wave[70] = 0.838104248;
Wave[71] = 0.8574523926;
Wave[72] = 0.8767089844;
Wave[73] = 0.8953857422;
Wave[74] = 0.913848877;
Wave[75] = 0.9320678711;
Wave[76] = 0.9498596191;
Wave[77] = 0.9670410156;
Wave[78] = 0.9406433105;
Wave[79] = 0.8949584961;
Wave[80] = 0.850402832;
Wave[81] = 0.8063354492;
Wave[82] = 0.7631835938;
Wave[83] = 0.720489502;
Wave[84] = 0.6784667969;
Wave[85] = 0.636932373;
Wave[86] = 0.5960083008;
Wave[87] = 0.5556945801;
Wave[88] = 0.515625;
Wave[89] = 0.4761962891;
Wave[90] = 0.4375;
Wave[91] = 0.3991699219;
Wave[92] = 0.3614196777;
Wave[93] = 0.3241882324;
Wave[94] = 0.2874755859;
Wave[95] = 0.2510986328;
Wave[96] = 0.215423584;
Wave[97] = 0.1803588867;
Wave[98] = 0.1452941895;
Wave[99] = 0.1111755371;
Wave[100] = 0.0772705078;
Wave[101] = 0.0436096191;
Wave[102] = 0.010925293;
Wave[103] = -0.0217285156;
Wave[104] = -0.0534973145;
Wave[105] = -0.0851135254;
Wave[106] = -0.1160888672;
Wave[107] = -0.1469421387;
Wave[108] = -0.1769104004;
Wave[109] = -0.206817627;
Wave[110] = -0.2362365723;
Wave[111] = -0.2648620605;
Wave[112] = -0.2935180664;
Wave[113] = -0.3215637207;
Wave[114] = -0.3490600586;
Wave[115] = -0.3761291504;
Wave[116] = -0.4028930664;
Wave[117] = -0.4292297363;
Wave[118] = -0.4552001953;
Wave[119] = -0.4808349609;
Wave[120] = -0.505859375;
Wave[121] = -0.5302429199;
Wave[122] = -0.5550537109;
Wave[123] = -0.5787353516;
Wave[124] = -0.6022644043;
Wave[125] = -0.6253662109;
Wave[126] = -0.6485290527;
Wave[127] = -0.6928100586;
Selected.WaveTable.set(1, Wave);

?>
