#defaults=no
#cm=OSC
Wave=2
<?

float Wave[128];
Wave[0] = 0.4619445801;
Wave[1] = 0.5036315918;
Wave[2] = 0.544342041;
Wave[3] = 0.5836181641;
Wave[4] = 0.6214294434;
Wave[5] = 0.6581420898;
Wave[6] = 0.6929626465;
Wave[7] = 0.7261657715;
Wave[8] = 0.7576599121;
Wave[9] = 0.7875061035;
Wave[10] = 0.8157043457;
Wave[11] = 0.8417358398;
Wave[12] = 0.8657226562;
Wave[13] = 0.8876647949;
Wave[14] = 0.9072875977;
Wave[15] = 0.9245300293;
Wave[16] = 0.9404907227;
Wave[17] = 0.953704834;
Wave[18] = 0.9643859863;
Wave[19] = 0.9736022949;
Wave[20] = 0.9796142578;
Wave[21] = 0.9840087891;
Wave[22] = 0.9855957031;
Wave[23] = 0.9848022461;
Wave[24] = 0.9818725586;
Wave[25] = 0.9765625;
Wave[26] = 0.9688415527;
Wave[27] = 0.9591064453;
Wave[28] = 0.9469909668;
Wave[29] = 0.9324951172;
Wave[30] = 0.9157714844;
Wave[31] = 0.8969726562;
Wave[32] = 0.8760070801;
Wave[33] = 0.8530578613;
Wave[34] = 0.8277893066;
Wave[35] = 0.8010559082;
Wave[36] = 0.7719116211;
Wave[37] = 0.7411499023;
Wave[38] = 0.7086181641;
Wave[39] = 0.6745300293;
Wave[40] = 0.6386108398;
Wave[41] = 0.6011352539;
Wave[42] = 0.5624084473;
Wave[43] = 0.5225524902;
Wave[44] = 0.4815979004;
Wave[45] = 0.4389648438;
Wave[46] = 0.3956604004;
Wave[47] = 0.3511352539;
Wave[48] = 0.3056640625;
Wave[49] = 0.2597045898;
Wave[50] = 0.2131958008;
Wave[51] = 0.1661682129;
Wave[52] = 0.1185302734;
Wave[53] = 0.0708312988;
Wave[54] = 0.0231323242;
Wave[55] = -0.0246887207;
Wave[56] = -0.0726318359;
Wave[57] = -0.1202392578;
Wave[58] = -0.1676025391;
Wave[59] = -0.2142028809;
Wave[60] = -0.260559082;
Wave[61] = -0.3064575195;
Wave[62] = -0.3516845703;
Wave[63] = -0.3957824707;
Wave[64] = -0.4392700195;
Wave[65] = -0.4813537598;
Wave[66] = -0.5220031738;
Wave[67] = -0.5616149902;
Wave[68] = -0.5999755859;
Wave[69] = -0.6370544434;
Wave[70] = -0.672088623;
Wave[71] = -0.7056884766;
Wave[72] = -0.738067627;
Wave[73] = -0.7679748535;
Wave[74] = -0.7963562012;
Wave[75] = -0.8225402832;
Wave[76] = -0.8471069336;
Wave[77] = -0.8692321777;
Wave[78] = -0.8895263672;
Wave[79] = -0.9077148438;
Wave[80] = -0.9238891602;
Wave[81] = -0.9371337891;
Wave[82] = -0.9489746094;
Wave[83] = -0.9579162598;
Wave[84] = -0.9647216797;
Wave[85] = -0.969329834;
Wave[86] = -0.9715881348;
Wave[87] = -0.9713745117;
Wave[88] = -0.9685058594;
Wave[89] = -0.9637451172;
Wave[90] = -0.9567871094;
Wave[91] = -0.9472351074;
Wave[92] = -0.9354248047;
Wave[93] = -0.9212646484;
Wave[94] = -0.9052734375;
Wave[95] = -0.8870849609;
Wave[96] = -0.8663330078;
Wave[97] = -0.8433837891;
Wave[98] = -0.8190612793;
Wave[99] = -0.7925415039;
Wave[100] = -0.7639770508;
Wave[101] = -0.7333374023;
Wave[102] = -0.701171875;
Wave[103] = -0.6672058105;
Wave[104] = -0.6318969727;
Wave[105] = -0.5950622559;
Wave[106] = -0.5565795898;
Wave[107] = -0.5166625977;
Wave[108] = -0.4757385254;
Wave[109] = -0.4334411621;
Wave[110] = -0.3902282715;
Wave[111] = -0.345916748;
Wave[112] = -0.3012390137;
Wave[113] = -0.2555541992;
Wave[114] = -0.2088623047;
Wave[115] = -0.1621704102;
Wave[116] = -0.1147460938;
Wave[117] = -0.0673217773;
Wave[118] = -0.0193481445;
Wave[119] = 0.0282592773;
Wave[120] = 0.0759277344;
Wave[121] = 0.1235961914;
Wave[122] = 0.1709289551;
Wave[123] = 0.2174072266;
Wave[124] = 0.2643127441;
Wave[125] = 0.3104858398;
Wave[126] = 0.3555603027;
Wave[127] = 0.4429931641;
Selected.WaveTable.set(1, Wave);

?>
