#defaults=no
#cm=OSC
Wave=2
<?

float Wave[128];
Wave[0] = 0.1118469238;
Wave[1] = 0.4256896973;
Wave[2] = 0.8128356934;
Wave[3] = -0.5969543457;
Wave[4] = -0.6340942383;
Wave[5] = -0.7291564941;
Wave[6] = -0.6681213379;
Wave[7] = -0.4418945312;
Wave[8] = 0.0168457031;
Wave[9] = 0.7200927734;
Wave[10] = 0.6572570801;
Wave[11] = 0.0543518066;
Wave[12] = -0.0615539551;
Wave[13] = -0.5002441406;
Wave[14] = -0.6881103516;
Wave[15] = -0.8450622559;
Wave[16] = -0.375579834;
Wave[17] = 0.2992248535;
Wave[18] = 0.2601318359;
Wave[19] = 0.3182678223;
Wave[20] = 0.2614440918;
Wave[21] = 0.3173828125;
Wave[22] = -0.4141845703;
Wave[23] = -0.5308227539;
Wave[24] = 0.1251831055;
Wave[25] = 0.3092346191;
Wave[26] = 0.2606201172;
Wave[27] = 0.5911254883;
Wave[28] = 0.8235778809;
Wave[29] = 0.3778686523;
Wave[30] = -0.5565490723;
Wave[31] = 0.1719665527;
Wave[32] = 0.2325439453;
Wave[33] = 0.0244445801;
Wave[34] = 0.358795166;
Wave[35] = 0.7953796387;
Wave[36] = 0.8176574707;
Wave[37] = -0.0355224609;
Wave[38] = 0.2732543945;
Wave[39] = 0.6278076172;
Wave[40] = -0.0412597656;
Wave[41] = 0.058807373;
Wave[42] = 0.0278625488;
Wave[43] = -0.0858764648;
Wave[44] = -0.1465148926;
Wave[45] = -0.4477233887;
Wave[46] = 0.3038024902;
Wave[47] = 0.2799072266;
Wave[48] = 0.3905334473;
Wave[49] = 0.4194335938;
Wave[50] = -0.2969360352;
Wave[51] = -0.1439819336;
Wave[52] = -0.7599182129;
Wave[53] = -0.7495117188;
Wave[54] = -0.3932495117;
Wave[55] = -0.1270446777;
Wave[56] = 0.2020568848;
Wave[57] = -0.0355224609;
Wave[58] = 0.1542358398;
Wave[59] = 0.256652832;
Wave[60] = -0.9497680664;
Wave[61] = -0.579498291;
Wave[62] = -0.3141784668;
Wave[63] = -0.059753418;
Wave[64] = 0.071685791;
Wave[65] = 0.3231201172;
Wave[66] = 0.778717041;
Wave[67] = -0.201385498;
Wave[68] = -0.7135925293;
Wave[69] = -0.6584777832;
Wave[70] = -0.7235412598;
Wave[71] = -0.511138916;
Wave[72] = -0.1339111328;
Wave[73] = 0.5509338379;
Wave[74] = 0.8208312988;
Wave[75] = 0.0885009766;
Wave[76] = 0.0286560059;
Wave[77] = -0.4968566895;
Wave[78] = -0.5941467285;
Wave[79] = -0.841217041;
Wave[80] = -0.5441589355;
Wave[81] = 0.1699523926;
Wave[82] = 0.3280639648;
Wave[83] = 0.2438964844;
Wave[84] = 0.3315124512;
Wave[85] = 0.2732543945;
Wave[86] = -0.1176757812;
Wave[87] = -0.7335510254;
Wave[88] = 0.0065002441;
Wave[89] = 0.3152160645;
Wave[90] = 0.2543640137;
Wave[91] = 0.476776123;
Wave[92] = 0.8300476074;
Wave[93] = 0.5624084473;
Wave[94] = -0.4094848633;
Wave[95] = -0.0683288574;
Wave[96] = 0.3692016602;
Wave[97] = -0.022277832;
Wave[98] = 0.2496643066;
Wave[99] = 0.7067260742;
Wave[100] = 0.8712768555;
Wave[101] = 0.1807250977;
Wave[102] = 0.0931091309;
Wave[103] = 0.6174926758;
Wave[104] = 0.0999450684;
Wave[105] = 0.0391235352;
Wave[106] = 0.0941162109;
Wave[107] = -0.0947265625;
Wave[108] = -0.037689209;
Wave[109] = -0.5441589355;
Wave[110] = 0.1766052246;
Wave[111] = 0.3558654785;
Wave[112] = 0.2686462402;
Wave[113] = 0.5441894531;
Wave[114] = -0.2541503906;
Wave[115] = -0.1449890137;
Wave[116] = -0.5021057129;
Wave[117] = -0.8758850098;
Wave[118] = -0.4710388184;
Wave[119] = -0.200378418;
Wave[120] = 0.1078796387;
Wave[121] = 0.1282958984;
Wave[122] = -0.0379638672;
Wave[123] = 0.4663391113;
Wave[124] = -0.868560791;
Wave[125] = -0.6319885254;
Wave[126] = -0.3839416504;
Wave[127] = 0.0398864746;
Selected.WaveTable.set(1, Wave);

?>
