#defaults=no
#cm=OSC
Wave=2
<?

float Wave[128];
Wave[0] = 0.2496032715;
Wave[1] = 0.3488769531;
Wave[2] = 0.4221191406;
Wave[3] = 0.4460449219;
Wave[4] = 0.4345092773;
Wave[5] = 0.272277832;
Wave[6] = -0.4233398438;
Wave[7] = -0.5677185059;
Wave[8] = -0.0018310547;
Wave[9] = 0.2512207031;
Wave[10] = 0.0840759277;
Wave[11] = -0.1221313477;
Wave[12] = -0.2815246582;
Wave[13] = -0.3961486816;
Wave[14] = -0.458404541;
Wave[15] = -0.4924926758;
Wave[16] = -0.5730285645;
Wave[17] = -0.6809692383;
Wave[18] = -0.7270812988;
Wave[19] = -0.7186279297;
Wave[20] = -0.7431030273;
Wave[21] = -0.7497253418;
Wave[22] = -0.4144287109;
Wave[23] = 0.3444824219;
Wave[24] = 0.3137817383;
Wave[25] = -0.2395629883;
Wave[26] = -0.3729553223;
Wave[27] = -0.1755065918;
Wave[28] = 0.0476379395;
Wave[29] = 0.2066040039;
Wave[30] = 0.3091125488;
Wave[31] = 0.4331665039;
Wave[32] = 0.568939209;
Wave[33] = 0.6432800293;
Wave[34] = 0.7004394531;
Wave[35] = 0.7793884277;
Wave[36] = 0.8500671387;
Wave[37] = 0.9081420898;
Wave[38] = 0.9183959961;
Wave[39] = 0.8751831055;
Wave[40] = 0.5763244629;
Wave[41] = -0.1720581055;
Wave[42] = -0.2077026367;
Wave[43] = 0.3233642578;
Wave[44] = 0.4385986328;
Wave[45] = 0.1901245117;
Wave[46] = -0.0599975586;
Wave[47] = -0.2473754883;
Wave[48] = -0.3830566406;
Wave[49] = -0.4729309082;
Wave[50] = -0.5477905273;
Wave[51] = -0.6309204102;
Wave[52] = -0.7210998535;
Wave[53] = -0.7678833008;
Wave[54] = -0.7677307129;
Wave[55] = -0.6840515137;
Wave[56] = -0.1432189941;
Wave[57] = 0.3395690918;
Wave[58] = -0.062713623;
Wave[59] = -0.4909973145;
Wave[60] = -0.4278564453;
Wave[61] = -0.2039794922;
Wave[62] = -0.0495300293;
Wave[63] = 0.0631408691;
Wave[64] = 0.1460876465;
Wave[65] = 0.1940002441;
Wave[66] = 0.2615966797;
Wave[67] = 0.3531188965;
Wave[68] = 0.4280395508;
Wave[69] = 0.4607543945;
Wave[70] = 0.4350891113;
Wave[71] = 0.0917358398;
Wave[72] = -0.5375671387;
Wave[73] = -0.3844299316;
Wave[74] = 0.1419677734;
Wave[75] = 0.2331848145;
Wave[76] = 0.05078125;
Wave[77] = -0.1268920898;
Wave[78] = -0.298828125;
Wave[79] = -0.4313049316;
Wave[80] = -0.491973877;
Wave[81] = -0.5120239258;
Wave[82] = -0.5678710938;
Wave[83] = -0.6776733398;
Wave[84] = -0.6397094727;
Wave[85] = -0.011505127;
Wave[86] = 0.4483032227;
Wave[87] = 0.0223999023;
Wave[88] = -0.3405151367;
Wave[89] = -0.254699707;
Wave[90] = -0.062286377;
Wave[91] = 0.1385498047;
Wave[92] = 0.3004455566;
Wave[93] = 0.4058837891;
Wave[94] = 0.5218811035;
Wave[95] = 0.6391906738;
Wave[96] = 0.7336730957;
Wave[97] = 0.827545166;
Wave[98] = 0.8969726562;
Wave[99] = 0.9317321777;
Wave[100] = 0.9725646973;
Wave[101] = 0.9838256836;
Wave[102] = 0.9287719727;
Wave[103] = 0.5036010742;
Wave[104] = -0.2094726562;
Wave[105] = -0.0670776367;
Wave[106] = 0.4311218262;
Wave[107] = 0.4397583008;
Wave[108] = 0.1549987793;
Wave[109] = -0.08984375;
Wave[110] = -0.2628173828;
Wave[111] = -0.3815002441;
Wave[112] = -0.4571838379;
Wave[113] = -0.5303649902;
Wave[114] = -0.6259460449;
Wave[115] = -0.7167053223;
Wave[116] = -0.7608947754;
Wave[117] = -0.7643432617;
Wave[118] = -0.6513366699;
Wave[119] = -0.058380127;
Wave[120] = 0.3407897949;
Wave[121] = -0.104888916;
Wave[122] = -0.4893493652;
Wave[123] = -0.4115600586;
Wave[124] = -0.1969909668;
Wave[125] = -0.0426940918;
Wave[126] = 0.0687866211;
Wave[127] = 0.1872253418;
Selected.WaveTable.set(1, Wave);

?>
