#defaults=no
#cm=OSC
Wave=2
<?

float Wave[128];
Wave[0] = -0.0867614746;
Wave[1] = 0.0117492676;
Wave[2] = 0.1961364746;
Wave[3] = -0.141998291;
Wave[4] = -0.2326965332;
Wave[5] = -0.0308532715;
Wave[6] = -0.0375671387;
Wave[7] = -0.1596374512;
Wave[8] = -0.1798400879;
Wave[9] = 0.1141357422;
Wave[10] = -0.0139160156;
Wave[11] = -0.1686096191;
Wave[12] = -0.2434692383;
Wave[13] = 0.1003417969;
Wave[14] = 0.2498168945;
Wave[15] = 0.1513977051;
Wave[16] = -0.0910949707;
Wave[17] = -0.0167541504;
Wave[18] = 0.200378418;
Wave[19] = 0.1120605469;
Wave[20] = 0.0108032227;
Wave[21] = 0.0433959961;
Wave[22] = 0.2272033691;
Wave[23] = 0.0328369141;
Wave[24] = -0.2323913574;
Wave[25] = 0.0090026855;
Wave[26] = 0.0493469238;
Wave[27] = 0.0912780762;
Wave[28] = 0.1687927246;
Wave[29] = -0.1323547363;
Wave[30] = -0.0946044922;
Wave[31] = -0.0737304688;
Wave[32] = -0.2461853027;
Wave[33] = -0.3838500977;
Wave[34] = -0.0683898926;
Wave[35] = 0.4616088867;
Wave[36] = 0.0881652832;
Wave[37] = 0.1173400879;
Wave[38] = 0.1485595703;
Wave[39] = -0.0944519043;
Wave[40] = -0.0255432129;
Wave[41] = 0.136505127;
Wave[42] = 0.2232666016;
Wave[43] = 0.2983093262;
Wave[44] = 0.0781555176;
Wave[45] = -0.1754455566;
Wave[46] = -0.341003418;
Wave[47] = -0.2776489258;
Wave[48] = -0.0307006836;
Wave[49] = -0.0206604004;
Wave[50] = -0.3219909668;
Wave[51] = -0.1366882324;
Wave[52] = 0.1119995117;
Wave[53] = -0.0110778809;
Wave[54] = -0.1178588867;
Wave[55] = -0.1731262207;
Wave[56] = 0.0481262207;
Wave[57] = -0.1902160645;
Wave[58] = 0.103515625;
Wave[59] = 0.2723388672;
Wave[60] = 0.1512145996;
Wave[61] = 0.0032348633;
Wave[62] = 0.0960083008;
Wave[63] = 0.0995788574;
Wave[64] = -0.0245056152;
Wave[65] = -0.0913085938;
Wave[66] = -0.079864502;
Wave[67] = -0.4733886719;
Wave[68] = -0.0728149414;
Wave[69] = -0.0401916504;
Wave[70] = -0.1476135254;
Wave[71] = -0.1516113281;
Wave[72] = -0.1926269531;
Wave[73] = -0.2943115234;
Wave[74] = -0.4701538086;
Wave[75] = -0.6365661621;
Wave[76] = -0.5446166992;
Wave[77] = 0.1308898926;
Wave[78] = 0.3311462402;
Wave[79] = 0.9217529297;
Wave[80] = 0.5469970703;
Wave[81] = 0.4073181152;
Wave[82] = 0.2283630371;
Wave[83] = 0.1821899414;
Wave[84] = 0.1486816406;
Wave[85] = 0.0997314453;
Wave[86] = 0.025970459;
Wave[87] = 0.276184082;
Wave[88] = 0.3609619141;
Wave[89] = -0.2168884277;
Wave[90] = 0.1311645508;
Wave[91] = -0.1234130859;
Wave[92] = -0.1338500977;
Wave[93] = -0.0720825195;
Wave[94] = -0.0495605469;
Wave[95] = -0.2652893066;
Wave[96] = -0.1954650879;
Wave[97] = 0.0842895508;
Wave[98] = 0.1766357422;
Wave[99] = -0.1031494141;
Wave[100] = 0.3272094727;
Wave[101] = -0.0577392578;
Wave[102] = -0.0201721191;
Wave[103] = -0.0960693359;
Wave[104] = 0.3423461914;
Wave[105] = 0.141204834;
Wave[106] = -0.1196899414;
Wave[107] = 0.2113952637;
Wave[108] = 0.305267334;
Wave[109] = 0.1694030762;
Wave[110] = -0.0944213867;
Wave[111] = -0.3051452637;
Wave[112] = -0.3488464355;
Wave[113] = -0.1147155762;
Wave[114] = -0.1146240234;
Wave[115] = 0.1430358887;
Wave[116] = -0.1082458496;
Wave[117] = -0.2341918945;
Wave[118] = -0.0065002441;
Wave[119] = -0.2749938965;
Wave[120] = -0.3761291504;
Wave[121] = 0.6005859375;
Wave[122] = 0.2016296387;
Wave[123] = 0.1614685059;
Wave[124] = -0.058380127;
Wave[125] = 0.1588439941;
Wave[126] = -0.0605773926;
Wave[127] = 0.0808410645;
Selected.WaveTable.set(1, Wave);

?>
