#defaults=no
#cm=OSC
Wave=2
<?

float Wave[128];
Wave[0] = 0.0924072266;
Wave[1] = -0.0649719238;
Wave[2] = -0.2565612793;
Wave[3] = -0.379486084;
Wave[4] = -0.3654174805;
Wave[5] = -0.2787780762;
Wave[6] = -0.2101745605;
Wave[7] = -0.2217102051;
Wave[8] = -0.347869873;
Wave[9] = -0.5141906738;
Wave[10] = -0.6015625;
Wave[11] = -0.5599975586;
Wave[12] = -0.4070129395;
Wave[13] = -0.2563476562;
Wave[14] = -0.1807861328;
Wave[15] = -0.1772155762;
Wave[16] = -0.2352600098;
Wave[17] = -0.313873291;
Wave[18] = -0.3609924316;
Wave[19] = -0.3706970215;
Wave[20] = -0.3636169434;
Wave[21] = -0.3336181641;
Wave[22] = -0.2943725586;
Wave[23] = -0.2581481934;
Wave[24] = -0.2661437988;
Wave[25] = -0.339630127;
Wave[26] = -0.4344482422;
Wave[27] = -0.5260925293;
Wave[28] = -0.5841064453;
Wave[29] = -0.5640258789;
Wave[30] = -0.4839782715;
Wave[31] = -0.4029846191;
Wave[32] = -0.3539428711;
Wave[33] = -0.3637390137;
Wave[34] = -0.4184570312;
Wave[35] = -0.4895935059;
Wave[36] = -0.5502319336;
Wave[37] = -0.5560302734;
Wave[38] = -0.5283203125;
Wave[39] = -0.4884338379;
Wave[40] = -0.4450073242;
Wave[41] = -0.4502258301;
Wave[42] = -0.5274963379;
Wave[43] = -0.6251831055;
Wave[44] = -0.6915893555;
Wave[45] = -0.6978759766;
Wave[46] = -0.6220703125;
Wave[47] = -0.486114502;
Wave[48] = -0.313079834;
Wave[49] = -0.1812133789;
Wave[50] = -0.1148071289;
Wave[51] = -0.0807495117;
Wave[52] = -0.1181335449;
Wave[53] = -0.2250976562;
Wave[54] = -0.3614501953;
Wave[55] = -0.452911377;
Wave[56] = -0.4418945312;
Wave[57] = -0.3268432617;
Wave[58] = -0.1585388184;
Wave[59] = -0.0338439941;
Wave[60] = 0;
Wave[61] = -0.0373535156;
Wave[62] = -0.0945739746;
Wave[63] = -0.1320495605;
Wave[64] = -0.1237487793;
Wave[65] = -0.0649108887;
Wave[66] = -0.0153808594;
Wave[67] = -0.0249328613;
Wave[68] = -0.0489807129;
Wave[69] = -0.0690612793;
Wave[70] = -0.1366271973;
Wave[71] = -0.2231140137;
Wave[72] = -0.2738342285;
Wave[73] = -0.2886657715;
Wave[74] = -0.2543029785;
Wave[75] = -0.1450195312;
Wave[76] = 0.0108642578;
Wave[77] = 0.0734863281;
Wave[78] = -0.0079956055;
Wave[79] = -0.1152648926;
Wave[80] = -0.1460876465;
Wave[81] = -0.108581543;
Wave[82] = 0.0613708496;
Wave[83] = 0.3589172363;
Wave[84] = 0.594543457;
Wave[85] = 0.6771240234;
Wave[86] = 0.6694030762;
Wave[87] = 0.6612243652;
Wave[88] = 0.6488952637;
Wave[89] = 0.6494140625;
Wave[90] = 0.748626709;
Wave[91] = 0.9172973633;
Wave[92] = 0.9890136719;
Wave[93] = 0.9780273438;
Wave[94] = 0.9452209473;
Wave[95] = 0.8734741211;
Wave[96] = 0.7945251465;
Wave[97] = 0.7774353027;
Wave[98] = 0.8210449219;
Wave[99] = 0.861328125;
Wave[100] = 0.8896484375;
Wave[101] = 0.9176635742;
Wave[102] = 0.8926391602;
Wave[103] = 0.7849731445;
Wave[104] = 0.663848877;
Wave[105] = 0.5661315918;
Wave[106] = 0.4613952637;
Wave[107] = 0.3786315918;
Wave[108] = 0.3666381836;
Wave[109] = 0.4166870117;
Wave[110] = 0.4799194336;
Wave[111] = 0.4933776855;
Wave[112] = 0.4437561035;
Wave[113] = 0.3541259766;
Wave[114] = 0.2646789551;
Wave[115] = 0.2210083008;
Wave[116] = 0.2486877441;
Wave[117] = 0.3112487793;
Wave[118] = 0.3651733398;
Wave[119] = 0.3395385742;
Wave[120] = 0.215423584;
Wave[121] = 0.0723266602;
Wave[122] = -0.050994873;
Wave[123] = -0.1349487305;
Wave[124] = -0.1535949707;
Wave[125] = -0.0964660645;
Wave[126] = 0.0093078613;
Wave[127] = 0.1406860352;
Selected.WaveTable.set(1, Wave);

?>
