#defaults=no
#cm=OSC
Wave=2
<?

float Wave[128];
Wave[0] = -0.0569763184;
Wave[1] = -0.0817260742;
Wave[2] = -0.0295410156;
Wave[3] = -0.0151977539;
Wave[4] = -0.0410461426;
Wave[5] = -0.0595397949;
Wave[6] = -0.0532226562;
Wave[7] = 0.0092773438;
Wave[8] = 0.1662902832;
Wave[9] = 0.273651123;
Wave[10] = 0.2685241699;
Wave[11] = 0.252532959;
Wave[12] = 0.2524108887;
Wave[13] = 0.2041015625;
Wave[14] = 0.1733703613;
Wave[15] = 0.2194519043;
Wave[16] = 0.1664428711;
Wave[17] = 0.0034484863;
Wave[18] = -0.0652160645;
Wave[19] = -0.056427002;
Wave[20] = -0.1079406738;
Wave[21] = -0.1128234863;
Wave[22] = -0.0839538574;
Wave[23] = -0.1837158203;
Wave[24] = -0.3018798828;
Wave[25] = -0.2553100586;
Wave[26] = -0.1819458008;
Wave[27] = -0.176361084;
Wave[28] = -0.1142272949;
Wave[29] = -0.0643920898;
Wave[30] = -0.1428527832;
Wave[31] = -0.1745910645;
Wave[32] = -0.0604858398;
Wave[33] = -0.0205078125;
Wave[34] = -0.090423584;
Wave[35] = -0.1446533203;
Wave[36] = -0.2080993652;
Wave[37] = -0.2789916992;
Wave[38] = -0.2612609863;
Wave[39] = -0.1892089844;
Wave[40] = -0.1661071777;
Wave[41] = -0.2440185547;
Wave[42] = -0.4041137695;
Wave[43] = -0.4888305664;
Wave[44] = -0.4007873535;
Wave[45] = -0.3105773926;
Wave[46] = -0.2823791504;
Wave[47] = -0.1662597656;
Wave[48] = -0.1158752441;
Wave[49] = -0.3266601562;
Wave[50] = -0.4213562012;
Wave[51] = -0.2460632324;
Wave[52] = -0.331237793;
Wave[53] = -0.7141418457;
Wave[54] = -0.8203430176;
Wave[55] = -0.7901000977;
Wave[56] = -0.9540100098;
Wave[57] = -0.7778625488;
Wave[58] = -0.0410461426;
Wave[59] = 0.4697875977;
Wave[60] = 0.4844360352;
Wave[61] = 0.6484069824;
Wave[62] = 0.8948364258;
Wave[63] = 0.7059936523;
Wave[64] = 0.5042419434;
Wave[65] = 0.7911071777;
Wave[66] = 0.9988098145;
Wave[67] = 0.7786254883;
Wave[68] = 0.7094421387;
Wave[69] = 0.9059448242;
Wave[70] = 0.7222900391;
Wave[71] = 0.2151489258;
Wave[72] = -0.0437011719;
Wave[73] = -0.195098877;
Wave[74] = -0.5234680176;
Wave[75] = -0.5728149414;
Wave[76] = -0.0701599121;
Wave[77] = 0.4153137207;
Wave[78] = 0.5852355957;
Wave[79] = 0.7219543457;
Wave[80] = 0.825378418;
Wave[81] = 0.6661376953;
Wave[82] = 0.496307373;
Wave[83] = 0.6008605957;
Wave[84] = 0.7557983398;
Wave[85] = 0.7485046387;
Wave[86] = 0.7516784668;
Wave[87] = 0.7929382324;
Wave[88] = 0.7077636719;
Wave[89] = 0.5567016602;
Wave[90] = 0.4655456543;
Wave[91] = 0.323059082;
Wave[92] = 0.0854797363;
Wave[93] = -0.0676879883;
Wave[94] = -0.0841064453;
Wave[95] = -0.05078125;
Wave[96] = 0.016784668;
Wave[97] = 0.0943908691;
Wave[98] = 0.0527954102;
Wave[99] = -0.0854187012;
Wave[100] = -0.2113952637;
Wave[101] = -0.330657959;
Wave[102] = -0.424407959;
Wave[103] = -0.4454345703;
Wave[104] = -0.4468994141;
Wave[105] = -0.4907226562;
Wave[106] = -0.481628418;
Wave[107] = -0.4114990234;
Wave[108] = -0.3946838379;
Wave[109] = -0.4221801758;
Wave[110] = -0.4204406738;
Wave[111] = -0.4607849121;
Wave[112] = -0.5660095215;
Wave[113] = -0.6017150879;
Wave[114] = -0.5203552246;
Wave[115] = -0.443145752;
Wave[116] = -0.3684082031;
Wave[117] = -0.2238769531;
Wave[118] = -0.0910339355;
Wave[119] = -0.0480651855;
Wave[120] = -0.0173339844;
Wave[121] = 0.0595092773;
Wave[122] = 0.0815429688;
Wave[123] = 0.0739746094;
Wave[124] = 0.107421875;
Wave[125] = 0.120513916;
Wave[126] = 0.0627746582;
Wave[127] = -0.0249633789;
Selected.WaveTable.set(1, Wave);

?>
