#defaults=no
#cm=OSC
Wave=2
<?

float Wave[128];
Wave[0] = 0.5202636719;
Wave[1] = 0.4735107422;
Wave[2] = 0.3554992676;
Wave[3] = 0.2750549316;
Wave[4] = 0.2283325195;
Wave[5] = 0.1480407715;
Wave[6] = 0.0939331055;
Wave[7] = -0.0304260254;
Wave[8] = -0.1878051758;
Wave[9] = -0.3286743164;
Wave[10] = -0.3106384277;
Wave[11] = -0.1325073242;
Wave[12] = 0.0877380371;
Wave[13] = 0.3000793457;
Wave[14] = 0.4847717285;
Wave[15] = 0.5429077148;
Wave[16] = 0.5450134277;
Wave[17] = 0.5635986328;
Wave[18] = 0.6611328125;
Wave[19] = 0.7818603516;
Wave[20] = 0.7570495605;
Wave[21] = 0.6214599609;
Wave[22] = 0.5165100098;
Wave[23] = 0.5248718262;
Wave[24] = 0.5311889648;
Wave[25] = 0.4471435547;
Wave[26] = 0.3618774414;
Wave[27] = 0.3273620605;
Wave[28] = 0.2395019531;
Wave[29] = 0.0204467773;
Wave[30] = -0.1148376465;
Wave[31] = -0.0367736816;
Wave[32] = 0.028717041;
Wave[33] = -0.0617370605;
Wave[34] = -0.145904541;
Wave[35] = -0.0117797852;
Wave[36] = 0.1972045898;
Wave[37] = 0.2139587402;
Wave[38] = 0.1463012695;
Wave[39] = 0.177947998;
Wave[40] = 0.2111816406;
Wave[41] = 0.1111450195;
Wave[42] = -0.0208740234;
Wave[43] = 0.0120239258;
Wave[44] = 0.1069335938;
Wave[45] = 0.0283508301;
Wave[46] = -0.1527404785;
Wave[47] = -0.2259216309;
Wave[48] = -0.2002563477;
Wave[49] = -0.2036132812;
Wave[50] = -0.2421264648;
Wave[51] = -0.2062072754;
Wave[52] = -0.1339111328;
Wave[53] = -0.147277832;
Wave[54] = -0.1717834473;
Wave[55] = -0.1103210449;
Wave[56] = -0.0488891602;
Wave[57] = -0.085723877;
Wave[58] = -0.1663208008;
Wave[59] = -0.217010498;
Wave[60] = -0.2908935547;
Wave[61] = -0.4330444336;
Wave[62] = -0.5239868164;
Wave[63] = -0.5511474609;
Wave[64] = -0.6104125977;
Wave[65] = -0.684387207;
Wave[66] = -0.6502380371;
Wave[67] = -0.5303955078;
Wave[68] = -0.4446105957;
Wave[69] = -0.3926696777;
Wave[70] = -0.2112121582;
Wave[71] = 0.0352478027;
Wave[72] = 0.1411743164;
Wave[73] = 0.1040344238;
Wave[74] = 0.1134643555;
Wave[75] = 0.2287902832;
Wave[76] = 0.281463623;
Wave[77] = 0.1956176758;
Wave[78] = 0.130065918;
Wave[79] = 0.1146850586;
Wave[80] = -0.0120544434;
Wave[81] = -0.2257995605;
Wave[82] = -0.3218383789;
Wave[83] = -0.2348022461;
Wave[84] = -0.1977233887;
Wave[85] = -0.3616943359;
Wave[86] = -0.5070495605;
Wave[87] = -0.4666748047;
Wave[88] = -0.3483886719;
Wave[89] = -0.2711181641;
Wave[90] = -0.186920166;
Wave[91] = -0.0258789062;
Wave[92] = 0.0595397949;
Wave[93] = -0.0654907227;
Wave[94] = -0.1928100586;
Wave[95] = -0.123840332;
Wave[96] = -0.0284423828;
Wave[97] = -0.190612793;
Wave[98] = -0.5481262207;
Wave[99] = -0.7529602051;
Wave[100] = -0.7786254883;
Wave[101] = -0.881439209;
Wave[102] = -0.9956970215;
Wave[103] = -0.8763427734;
Wave[104] = -0.6118164062;
Wave[105] = -0.5395812988;
Wave[106] = -0.5797424316;
Wave[107] = -0.3040161133;
Wave[108] = 0.2706298828;
Wave[109] = 0.5961303711;
Wave[110] = 0.5204467773;
Wave[111] = 0.4722595215;
Wave[112] = 0.6443786621;
Wave[113] = 0.7471008301;
Wave[114] = 0.6273498535;
Wave[115] = 0.516204834;
Wave[116] = 0.5289611816;
Wave[117] = 0.4182434082;
Wave[118] = 0.1249694824;
Wave[119] = -0.0316467285;
Wave[120] = 0.0363769531;
Wave[121] = 0.080871582;
Wave[122] = -0.0090942383;
Wave[123] = -0.0670776367;
Wave[124] = 0.0511474609;
Wave[125] = 0.201171875;
Wave[126] = 0.3179321289;
Wave[127] = 0.5102233887;
Selected.WaveTable.set(1, Wave);

?>
