#defaults=no
#cm=OSC
Wave=2
<?

float Wave[128];
Wave[0] = -0.458984375;
Wave[1] = -0.3749084473;
Wave[2] = -0.417755127;
Wave[3] = -0.5651245117;
Wave[4] = -0.4841003418;
Wave[5] = -0.3609619141;
Wave[6] = -0.5038452148;
Wave[7] = -0.5327148438;
Wave[8] = -0.4348144531;
Wave[9] = -0.5317993164;
Wave[10] = -0.564666748;
Wave[11] = -0.470703125;
Wave[12] = -0.5765380859;
Wave[13] = -0.6557922363;
Wave[14] = -0.5146484375;
Wave[15] = -0.5242919922;
Wave[16] = -0.6221618652;
Wave[17] = -0.5333557129;
Wave[18] = -0.405090332;
Wave[19] = -0.3883972168;
Wave[20] = -0.4529724121;
Wave[21] = -0.4611816406;
Wave[22] = -0.3787231445;
Wave[23] = -0.3325195312;
Wave[24] = -0.3622131348;
Wave[25] = -0.2702026367;
Wave[26] = -0.1864013672;
Wave[27] = -0.2044067383;
Wave[28] = -0.0920715332;
Wave[29] = -0.0098266602;
Wave[30] = -0.0829467773;
Wave[31] = 0.0253601074;
Wave[32] = 0.198638916;
Wave[33] = 0.087310791;
Wave[34] = 0.0067749023;
Wave[35] = 0.1405029297;
Wave[36] = 0.1563110352;
Wave[37] = 0.0573425293;
Wave[38] = 0.072265625;
Wave[39] = 0.0710144043;
Wave[40] = 0.0102844238;
Wave[41] = 0.018737793;
Wave[42] = 0.0387573242;
Wave[43] = -0.0514831543;
Wave[44] = -0.0848999023;
Wave[45] = -0.000793457;
Wave[46] = -0.0444946289;
Wave[47] = -0.1845703125;
Wave[48] = -0.0530395508;
Wave[49] = 0.1505432129;
Wave[50] = 0.0684204102;
Wave[51] = 0.0762329102;
Wave[52] = 0.170501709;
Wave[53] = -0.0754089355;
Wave[54] = -0.2281799316;
Wave[55] = -0.0271911621;
Wave[56] = -0.1591186523;
Wave[57] = -0.2882080078;
Wave[58] = 0.2079162598;
Wave[59] = 0.4299926758;
Wave[60] = 0.1981506348;
Wave[61] = 0.5079345703;
Wave[62] = 0.8433837891;
Wave[63] = 0.5489807129;
Wave[64] = 0.541595459;
Wave[65] = 0.7890625;
Wave[66] = 0.6009216309;
Wave[67] = 0.540222168;
Wave[68] = 0.8786621094;
Wave[69] = 0.8150939941;
Wave[70] = 0.6403808594;
Wave[71] = 0.900177002;
Wave[72] = 0.9668273926;
Wave[73] = 0.7460632324;
Wave[74] = 0.7816772461;
Wave[75] = 0.921661377;
Wave[76] = 0.8509216309;
Wave[77] = 0.7713928223;
Wave[78] = 0.783782959;
Wave[79] = 0.7768249512;
Wave[80] = 0.7321472168;
Wave[81] = 0.7300720215;
Wave[82] = 0.7286987305;
Wave[83] = 0.6044311523;
Wave[84] = 0.4931335449;
Wave[85] = 0.5451965332;
Wave[86] = 0.479095459;
Wave[87] = 0.2973022461;
Wave[88] = 0.3303833008;
Wave[89] = 0.3504333496;
Wave[90] = 0.2178649902;
Wave[91] = 0.1251525879;
Wave[92] = 0.0860900879;
Wave[93] = 0.0220031738;
Wave[94] = 0.0085144043;
Wave[95] = -0.0579833984;
Wave[96] = -0.143737793;
Wave[97] = -0.1349182129;
Wave[98] = -0.1387939453;
Wave[99] = -0.136932373;
Wave[100] = -0.1280517578;
Wave[101] = -0.1858215332;
Wave[102] = -0.1719970703;
Wave[103] = -0.0736999512;
Wave[104] = -0.2215576172;
Wave[105] = -0.3286743164;
Wave[106] = -0.1867370605;
Wave[107] = -0.1920166016;
Wave[108] = -0.3101196289;
Wave[109] = -0.2089538574;
Wave[110] = -0.1932067871;
Wave[111] = -0.2831115723;
Wave[112] = -0.1475219727;
Wave[113] = -0.1346130371;
Wave[114] = -0.3010864258;
Wave[115] = -0.2491149902;
Wave[116] = -0.1587219238;
Wave[117] = -0.3323364258;
Wave[118] = -0.386932373;
Wave[119] = -0.2924194336;
Wave[120] = -0.3021240234;
Wave[121] = -0.3179626465;
Wave[122] = -0.3323974609;
Wave[123] = -0.3578491211;
Wave[124] = -0.3763427734;
Wave[125] = -0.3620910645;
Wave[126] = -0.3824768066;
Wave[127] = -0.4555664062;
Selected.WaveTable.set(1, Wave);

?>
