#defaults=no
#cm=OSC
Wave=2
<?

float Wave[128];
Wave[0] = -0.2820129395;
Wave[1] = 0.0034484863;
Wave[2] = 0.5168762207;
Wave[3] = 0.5675964355;
Wave[4] = -0.0349121094;
Wave[5] = -0.3124084473;
Wave[6] = -0.5072021484;
Wave[7] = -0.4197998047;
Wave[8] = -0.0812683105;
Wave[9] = 0.1189880371;
Wave[10] = 0.0819702148;
Wave[11] = -0.3260192871;
Wave[12] = -0.5255126953;
Wave[13] = -0.4205932617;
Wave[14] = 0.3545532227;
Wave[15] = 0.9458007812;
Wave[16] = 0.8047180176;
Wave[17] = 0.460723877;
Wave[18] = 0.0384216309;
Wave[19] = 0.0818786621;
Wave[20] = 0.361328125;
Wave[21] = 0.6448974609;
Wave[22] = 0.4067993164;
Wave[23] = -0.1313171387;
Wave[24] = -0.1471862793;
Wave[25] = 0.0262451172;
Wave[26] = 0.3757629395;
Wave[27] = 0.7618408203;
Wave[28] = 0.7274780273;
Wave[29] = 0.2850036621;
Wave[30] = -0.0094299316;
Wave[31] = 0.1327819824;
Wave[32] = 0.3670959473;
Wave[33] = 0.7284851074;
Wave[34] = 0.6260681152;
Wave[35] = 0.0969848633;
Wave[36] = -0.6489257812;
Wave[37] = -0.5601196289;
Wave[38] = -0.0559692383;
Wave[39] = -0.0311584473;
Wave[40] = -0.3160400391;
Wave[41] = -0.8686828613;
Wave[42] = -0.9333496094;
Wave[43] = -0.6748352051;
Wave[44] = -0.1976928711;
Wave[45] = -0.2405395508;
Wave[46] = -0.5431518555;
Wave[47] = -0.3099365234;
Wave[48] = -0.293182373;
Wave[49] = 0.1629638672;
Wave[50] = 0.271270752;
Wave[51] = 0.2515563965;
Wave[52] = -0.2475891113;
Wave[53] = -0.6571960449;
Wave[54] = -0.6105651855;
Wave[55] = -0.2255249023;
Wave[56] = 0.1075744629;
Wave[57] = -0.3772277832;
Wave[58] = -0.441986084;
Wave[59] = -0.3407897949;
Wave[60] = 0.0426635742;
Wave[61] = 0.4479980469;
Wave[62] = 0.6287841797;
Wave[63] = 0.4354248047;
Wave[64] = -0.2904663086;
Wave[65] = -0.0899353027;
Wave[66] = 0.4326782227;
Wave[67] = 0.6213989258;
Wave[68] = 0.0947875977;
Wave[69] = -0.3198852539;
Wave[70] = -0.4112243652;
Wave[71] = -0.5662231445;
Wave[72] = -0.0956115723;
Wave[73] = 0.0813903809;
Wave[74] = 0.1234436035;
Wave[75] = -0.250213623;
Wave[76] = -0.5153808594;
Wave[77] = -0.4624328613;
Wave[78] = 0.0914611816;
Wave[79] = 0.9832458496;
Wave[80] = 0.8381652832;
Wave[81] = 0.5462646484;
Wave[82] = 0.0924682617;
Wave[83] = 0.048828125;
Wave[84] = 0.3086853027;
Wave[85] = 0.593536377;
Wave[86] = 0.5929260254;
Wave[87] = -0.1345214844;
Wave[88] = -0.1634216309;
Wave[89] = -0.0351257324;
Wave[90] = 0.296875;
Wave[91] = 0.7186889648;
Wave[92] = 0.7573852539;
Wave[93] = 0.420715332;
Wave[94] = -0.0835266113;
Wave[95] = 0.1560974121;
Wave[96] = 0.2927856445;
Wave[97] = 0.6956176758;
Wave[98] = 0.6794128418;
Wave[99] = 0.2311096191;
Wave[100] = -0.5171508789;
Wave[101] = -0.6928100586;
Wave[102] = -0.0520629883;
Wave[103] = -0.0343933105;
Wave[104] = -0.1965332031;
Wave[105] = -0.8067016602;
Wave[106] = -0.9541625977;
Wave[107] = -0.7477111816;
Wave[108] = -0.294921875;
Wave[109] = -0.1307983398;
Wave[110] = -0.6022033691;
Wave[111] = -0.3120422363;
Wave[112] = -0.381072998;
Wave[113] = 0.109588623;
Wave[114] = 0.2629394531;
Wave[115] = 0.271697998;
Wave[116] = -0.1004638672;
Wave[117] = -0.6560974121;
Wave[118] = -0.5922241211;
Wave[119] = -0.3684997559;
Wave[120] = 0.177154541;
Wave[121] = -0.3103942871;
Wave[122] = -0.4565734863;
Wave[123] = -0.3749389648;
Wave[124] = -0.0576782227;
Wave[125] = 0.4060974121;
Wave[126] = 0.6024475098;
Wave[127] = -0.2759399414;
Selected.WaveTable.set(1, Wave);

?>
