#defaults=no
#cm=OSC
Wave=2
<?

float Wave[128];
Wave[0] = -0.0495605469;
Wave[1] = -0.0453796387;
Wave[2] = -0.0913085938;
Wave[3] = -0.2768859863;
Wave[4] = -0.3916625977;
Wave[5] = 0.0863037109;
Wave[6] = 0.0587158203;
Wave[7] = -0.1277770996;
Wave[8] = -0.5641479492;
Wave[9] = -0.8078918457;
Wave[10] = -0.594909668;
Wave[11] = -0.218963623;
Wave[12] = 0.1844177246;
Wave[13] = 0.0280761719;
Wave[14] = 0.0838012695;
Wave[15] = 0.2265625;
Wave[16] = 0.2128295898;
Wave[17] = 0.1873779297;
Wave[18] = 0.1285095215;
Wave[19] = -0.1022338867;
Wave[20] = -0.3438415527;
Wave[21] = -0.6938476562;
Wave[22] = -0.7080078125;
Wave[23] = -0.1743469238;
Wave[24] = 0.2016601562;
Wave[25] = 0.1880493164;
Wave[26] = -0.0443115234;
Wave[27] = -0.3541870117;
Wave[28] = -0.5057983398;
Wave[29] = -0.4071350098;
Wave[30] = -0.5170288086;
Wave[31] = -0.534576416;
Wave[32] = -0.5690917969;
Wave[33] = -0.6188049316;
Wave[34] = -0.5678405762;
Wave[35] = -0.2116699219;
Wave[36] = 0.4934082031;
Wave[37] = 0.1852416992;
Wave[38] = -0.0743713379;
Wave[39] = -0.1233520508;
Wave[40] = -0.1410522461;
Wave[41] = -0.0843200684;
Wave[42] = -0.0557861328;
Wave[43] = -0.2048950195;
Wave[44] = -0.4612731934;
Wave[45] = -0.0076904297;
Wave[46] = -0.0107116699;
Wave[47] = 0.1763305664;
Wave[48] = 0.3871765137;
Wave[49] = 0.0617675781;
Wave[50] = -0.3310546875;
Wave[51] = -0.2191467285;
Wave[52] = 0.2569580078;
Wave[53] = -0.1146850586;
Wave[54] = 0.080871582;
Wave[55] = 0.3076171875;
Wave[56] = 0.365814209;
Wave[57] = 0.529876709;
Wave[58] = 0.8441162109;
Wave[59] = 0.9118041992;
Wave[60] = 0.2372131348;
Wave[61] = 0.2329101562;
Wave[62] = 0.0479736328;
Wave[63] = -0.0121154785;
Wave[64] = 0.1174621582;
Wave[65] = 0.1649169922;
Wave[66] = 0.1695861816;
Wave[67] = 0.333404541;
Wave[68] = 0.6423339844;
Wave[69] = 0.5567626953;
Wave[70] = 0.8990783691;
Wave[71] = 0.8827209473;
Wave[72] = 0.4321899414;
Wave[73] = 0.1267089844;
Wave[74] = 0.2892150879;
Wave[75] = 0.6041564941;
Wave[76] = 0.606048584;
Wave[77] = 0.8912963867;
Wave[78] = 0.8548278809;
Wave[79] = 0.6838684082;
Wave[80] = 0.6605529785;
Wave[81] = 0.6493225098;
Wave[82] = 0.6132202148;
Wave[83] = 0.5479431152;
Wave[84] = 0.2078857422;
Wave[85] = -0.0715942383;
Wave[86] = -0.0720214844;
Wave[87] = 0.1895751953;
Wave[88] = 0.5123901367;
Wave[89] = 0.4736022949;
Wave[90] = 0.2055358887;
Wave[91] = 0.0570373535;
Wave[92] = -0.0049743652;
Wave[93] = -0.164276123;
Wave[94] = -0.0921936035;
Wave[95] = -0.0621337891;
Wave[96] = -0.0993652344;
Wave[97] = -0.1663818359;
Wave[98] = -0.1806945801;
Wave[99] = 0.0111083984;
Wave[100] = 0.1567687988;
Wave[101] = 0.5490722656;
Wave[102] = 0.1826782227;
Wave[103] = -0.4967651367;
Wave[104] = -0.6616821289;
Wave[105] = -0.6416015625;
Wave[106] = -0.6232299805;
Wave[107] = -0.5455322266;
Wave[108] = -0.2094116211;
Wave[109] = -0.4314575195;
Wave[110] = -0.3482971191;
Wave[111] = 0.2724304199;
Wave[112] = 0.5915527344;
Wave[113] = 0.3548278809;
Wave[114] = -0.1386413574;
Wave[115] = -0.3776245117;
Wave[116] = -0.6784057617;
Wave[117] = -0.3353271484;
Wave[118] = -0.3179321289;
Wave[119] = -0.6887207031;
Wave[120] = -0.7070922852;
Wave[121] = -0.5816955566;
Wave[122] = -0.2867431641;
Wave[123] = 0.0520324707;
Wave[124] = 0.2139587402;
Wave[125] = -0.5507202148;
Wave[126] = -0.7310180664;
Wave[127] = -0.0687561035;
Selected.WaveTable.set(1, Wave);

?>
