#defaults=no
#cm=OSC
Wave=2
<?

float Wave[128];
Wave[0] = 0.9156799316;
Wave[1] = 0.8827819824;
Wave[2] = 0.8692626953;
Wave[3] = 0.8555297852;
Wave[4] = 0.8360290527;
Wave[5] = 0.8106994629;
Wave[6] = 0.7773132324;
Wave[7] = 0.7498168945;
Wave[8] = 0.7287902832;
Wave[9] = 0.7047424316;
Wave[10] = 0.6617126465;
Wave[11] = 0.5892028809;
Wave[12] = 0.4973449707;
Wave[13] = 0.4551086426;
Wave[14] = 0.7113647461;
Wave[15] = 0.4398803711;
Wave[16] = 0.5465087891;
Wave[17] = 0.4449157715;
Wave[18] = 0.4120483398;
Wave[19] = 0.403717041;
Wave[20] = 0.3668823242;
Wave[21] = 0.367980957;
Wave[22] = 0.358795166;
Wave[23] = 0.3404846191;
Wave[24] = 0.3072509766;
Wave[25] = 0.2635498047;
Wave[26] = 0.2153320312;
Wave[27] = 0.1731567383;
Wave[28] = 0.1482543945;
Wave[29] = 0.1296386719;
Wave[30] = 0.1199035645;
Wave[31] = 0.1190795898;
Wave[32] = 0.1231079102;
Wave[33] = 0.1375427246;
Wave[34] = 0.1599121094;
Wave[35] = 0.1796569824;
Wave[36] = 0.1873474121;
Wave[37] = 0.1769714355;
Wave[38] = 0.160736084;
Wave[39] = 0.1434326172;
Wave[40] = 0.1331176758;
Wave[41] = 0.1307983398;
Wave[42] = 0.1324157715;
Wave[43] = 0.1379089355;
Wave[44] = 0.1383056641;
Wave[45] = 0.1432495117;
Wave[46] = 0.1523132324;
Wave[47] = 0.1569519043;
Wave[48] = 0.1666564941;
Wave[49] = 0.1597290039;
Wave[50] = 0.1347351074;
Wave[51] = 0.097076416;
Wave[52] = 0.0567321777;
Wave[53] = 0.0183410645;
Wave[54] = -0.0133666992;
Wave[55] = -0.0625915527;
Wave[56] = -0.1583251953;
Wave[57] = -0.4466552734;
Wave[58] = -0.30078125;
Wave[59] = -0.4557800293;
Wave[60] = -0.3815612793;
Wave[61] = -0.4221191406;
Wave[62] = -0.4482727051;
Wave[63] = -0.475982666;
Wave[64] = -0.5389099121;
Wave[65] = -0.5887451172;
Wave[66] = -0.6442260742;
Wave[67] = -0.6961975098;
Wave[68] = -0.7465820312;
Wave[69] = -0.7926940918;
Wave[70] = -0.8357849121;
Wave[71] = -0.866607666;
Wave[72] = -0.8821411133;
Wave[73] = -0.8921203613;
Wave[74] = -0.9030456543;
Wave[75] = -0.9208068848;
Wave[76] = -0.9475402832;
Wave[77] = -0.938873291;
Wave[78] = -0.6374511719;
Wave[79] = -0.838470459;
Wave[80] = -0.7044067383;
Wave[81] = -0.8240661621;
Wave[82] = -0.7955932617;
Wave[83] = -0.815246582;
Wave[84] = -0.8145751953;
Wave[85] = -0.7840881348;
Wave[86] = -0.7529907227;
Wave[87] = -0.7108154297;
Wave[88] = -0.6809997559;
Wave[89] = -0.6494445801;
Wave[90] = -0.2575683594;
Wave[91] = -0.6416320801;
Wave[92] = -0.6165161133;
Wave[93] = -0.6026000977;
Wave[94] = -0.5879516602;
Wave[95] = -0.5615234375;
Wave[96] = -0.5163574219;
Wave[97] = -0.454498291;
Wave[98] = -0.3803100586;
Wave[99] = -0.3066101074;
Wave[100] = -0.2420349121;
Wave[101] = -0.1883544922;
Wave[102] = -0.138885498;
Wave[103] = -0.0924377441;
Wave[104] = -0.0559082031;
Wave[105] = -0.0395507812;
Wave[106] = -0.0509033203;
Wave[107] = -0.0750427246;
Wave[108] = -0.0957336426;
Wave[109] = -0.0739440918;
Wave[110] = 0.0068664551;
Wave[111] = 0.1307983398;
Wave[112] = 0.2877197266;
Wave[113] = 0.4342041016;
Wave[114] = 0.5552368164;
Wave[115] = 0.6448974609;
Wave[116] = 0.6976013184;
Wave[117] = 0.7122192383;
Wave[118] = 0.6948547363;
Wave[119] = 0.6439819336;
Wave[120] = 0.5137634277;
Wave[121] = 0.2689819336;
Wave[122] = 0.4752502441;
Wave[123] = 0.5221557617;
Wave[124] = 0.7542114258;
Wave[125] = 0.9209899902;
Wave[126] = 0.9723510742;
Wave[127] = 0.9183959961;
Selected.WaveTable.set(1, Wave);

?>
