#defaults=no
#cm=OSC
Wave=2
<?

float Wave[128];
Wave[0] = 0.4703979492;
Wave[1] = 0.2518310547;
Wave[2] = 0.1260375977;
Wave[3] = 0.0881652832;
Wave[4] = 0.0950317383;
Wave[5] = 0.1065673828;
Wave[6] = 0.100769043;
Wave[7] = 0.0822143555;
Wave[8] = 0.063873291;
Wave[9] = 0.0518493652;
Wave[10] = 0.0455322266;
Wave[11] = 0.0377807617;
Wave[12] = 0.0254211426;
Wave[13] = 0.0035400391;
Wave[14] = -0.0270080566;
Wave[15] = -0.0825195312;
Wave[16] = -0.2039489746;
Wave[17] = -0.4470214844;
Wave[18] = -0.7549743652;
Wave[19] = -0.9612121582;
Wave[20] = -0.978515625;
Wave[21] = -0.8268127441;
Wave[22] = -0.632232666;
Wave[23] = -0.4850769043;
Wave[24] = -0.4228515625;
Wave[25] = -0.4256286621;
Wave[26] = -0.4509277344;
Wave[27] = -0.4689941406;
Wave[28] = -0.4738464355;
Wave[29] = -0.4729309082;
Wave[30] = -0.4797668457;
Wave[31] = -0.4927368164;
Wave[32] = -0.501739502;
Wave[33] = -0.4944152832;
Wave[34] = -0.4700012207;
Wave[35] = -0.4336853027;
Wave[36] = -0.3915710449;
Wave[37] = -0.3394165039;
Wave[38] = -0.2500305176;
Wave[39] = -0.0707397461;
Wave[40] = 0.1955566406;
Wave[41] = 0.4084777832;
Wave[42] = 0.4614562988;
Wave[43] = 0.3442382812;
Wave[44] = 0.146697998;
Wave[45] = -0.0234375;
Wave[46] = -0.1322631836;
Wave[47] = -0.1630554199;
Wave[48] = -0.1424255371;
Wave[49] = -0.1133422852;
Wave[50] = -0.0904541016;
Wave[51] = -0.0792236328;
Wave[52] = -0.0740966797;
Wave[53] = -0.0744934082;
Wave[54] = -0.0783691406;
Wave[55] = -0.0861206055;
Wave[56] = -0.1008605957;
Wave[57] = -0.1426086426;
Wave[58] = -0.287902832;
Wave[59] = -0.5370178223;
Wave[60] = -0.7854309082;
Wave[61] = -0.8558044434;
Wave[62] = -0.7401733398;
Wave[63] = -0.5155639648;
Wave[64] = -0.3020019531;
Wave[65] = -0.1674804688;
Wave[66] = -0.1099853516;
Wave[67] = -0.0951843262;
Wave[68] = -0.0841674805;
Wave[69] = -0.0635375977;
Wave[70] = -0.042388916;
Wave[71] = -0.0343017578;
Wave[72] = -0.0411987305;
Wave[73] = -0.0580444336;
Wave[74] = -0.072052002;
Wave[75] = -0.0796508789;
Wave[76] = -0.0786743164;
Wave[77] = -0.0768432617;
Wave[78] = -0.0715332031;
Wave[79] = -0.0573425293;
Wave[80] = 0.0069885254;
Wave[81] = 0.1820373535;
Wave[82] = 0.4742736816;
Wave[83] = 0.7703857422;
Wave[84] = 0.8970031738;
Wave[85] = 0.8273010254;
Wave[86] = 0.6228027344;
Wave[87] = 0.4186401367;
Wave[88] = 0.2973632812;
Wave[89] = 0.2746276855;
Wave[90] = 0.3139343262;
Wave[91] = 0.3598937988;
Wave[92] = 0.383972168;
Wave[93] = 0.3880615234;
Wave[94] = 0.3833312988;
Wave[95] = 0.383972168;
Wave[96] = 0.386138916;
Wave[97] = 0.3840637207;
Wave[98] = 0.3724975586;
Wave[99] = 0.3528137207;
Wave[100] = 0.3348693848;
Wave[101] = 0.3247680664;
Wave[102] = 0.3258056641;
Wave[103] = 0.3299865723;
Wave[104] = 0.3088378906;
Wave[105] = 0.1994018555;
Wave[106] = -0.0266113281;
Wave[107] = -0.2456054688;
Wave[108] = -0.3245544434;
Wave[109] = -0.2076416016;
Wave[110] = 0.0073242188;
Wave[111] = 0.204284668;
Wave[112] = 0.3099975586;
Wave[113] = 0.3190612793;
Wave[114] = 0.2771911621;
Wave[115] = 0.2176208496;
Wave[116] = 0.1687316895;
Wave[117] = 0.1386108398;
Wave[118] = 0.1277770996;
Wave[119] = 0.1314086914;
Wave[120] = 0.1358032227;
Wave[121] = 0.142791748;
Wave[122] = 0.1608276367;
Wave[123] = 0.2403869629;
Wave[124] = 0.4270324707;
Wave[125] = 0.6741638184;
Wave[126] = 0.813873291;
Wave[127] = 0.5706481934;
Selected.WaveTable.set(1, Wave);

?>
