#defaults=no
#cm=OSC
Wave=2
<?

float Wave[128];
Wave[0] = 0.8198242188;
Wave[1] = 0.4772644043;
Wave[2] = 0.1286315918;
Wave[3] = -0.0242919922;
Wave[4] = -0.0473632812;
Wave[5] = -0.101348877;
Wave[6] = 0.2775268555;
Wave[7] = 0.3517456055;
Wave[8] = 0.454864502;
Wave[9] = 0.1518859863;
Wave[10] = -0.3161315918;
Wave[11] = -0.6415710449;
Wave[12] = -0.966217041;
Wave[13] = -0.7566223145;
Wave[14] = -0.6094665527;
Wave[15] = 0.1612243652;
Wave[16] = 0.0992736816;
Wave[17] = -0.0817565918;
Wave[18] = -0.7367553711;
Wave[19] = -0.4614257812;
Wave[20] = -0.8397521973;
Wave[21] = -0.8151245117;
Wave[22] = -0.5942382812;
Wave[23] = 0.1395568848;
Wave[24] = 0.2597351074;
Wave[25] = 0.2005004883;
Wave[26] = -0.3720397949;
Wave[27] = -0.4412841797;
Wave[28] = -0.3603820801;
Wave[29] = -0.0692443848;
Wave[30] = 0.07421875;
Wave[31] = 0.1590881348;
Wave[32] = 0.4161376953;
Wave[33] = 0.4493408203;
Wave[34] = 0.3896484375;
Wave[35] = 0.1032714844;
Wave[36] = -0.0851135254;
Wave[37] = -0.0177001953;
Wave[38] = 0.2608032227;
Wave[39] = 0.6528930664;
Wave[40] = 0.5308532715;
Wave[41] = 0.2587280273;
Wave[42] = -0.0122375488;
Wave[43] = -0.6837463379;
Wave[44] = -0.6373596191;
Wave[45] = -0.543182373;
Wave[46] = 0.2522583008;
Wave[47] = 0.1172485352;
Wave[48] = 0.5501098633;
Wave[49] = 0.662322998;
Wave[50] = 0.4205322266;
Wave[51] = -0.4596557617;
Wave[52] = -0.5672607422;
Wave[53] = -0.2863464355;
Wave[54] = 0.0784606934;
Wave[55] = 0.287689209;
Wave[56] = 0.4369506836;
Wave[57] = 0.5273132324;
Wave[58] = 0.5624694824;
Wave[59] = 0.1952819824;
Wave[60] = -0.3063354492;
Wave[61] = -0.2666625977;
Wave[62] = 0.0126037598;
Wave[63] = 0.7406921387;
Wave[64] = 0.7624206543;
Wave[65] = 0.7718505859;
Wave[66] = 0.3367919922;
Wave[67] = 0.0172729492;
Wave[68] = -0.0852966309;
Wave[69] = -0.0246276855;
Wave[70] = 0.0827636719;
Wave[71] = 0.3942565918;
Wave[72] = 0.4357299805;
Wave[73] = 0.3753662109;
Wave[74] = -0.4127197266;
Wave[75] = -0.4189453125;
Wave[76] = -0.9259338379;
Wave[77] = -0.7760314941;
Wave[78] = -0.7794494629;
Wave[79] = 0.0629272461;
Wave[80] = 0.1329956055;
Wave[81] = -0.0038146973;
Wave[82] = -0.4551391602;
Wave[83] = -0.622253418;
Wave[84] = -0.7540283203;
Wave[85] = -0.8231506348;
Wave[86] = -0.7106933594;
Wave[87] = -0.2958984375;
Wave[88] = 0.3121032715;
Wave[89] = 0.3123168945;
Wave[90] = -0.1570739746;
Wave[91] = -0.465637207;
Wave[92] = -0.2450866699;
Wave[93] = -0.3322753906;
Wave[94] = 0.04296875;
Wave[95] = 0.0126953125;
Wave[96] = 0.4057006836;
Wave[97] = 0.3833618164;
Wave[98] = 0.4131469727;
Wave[99] = 0.2596740723;
Wave[100] = -0.1120910645;
Wave[101] = -0.1363525391;
Wave[102] = 0.3458557129;
Wave[103] = 0.5060119629;
Wave[104] = 0.6574707031;
Wave[105] = 0.3287658691;
Wave[106] = 0.2598876953;
Wave[107] = -0.557800293;
Wave[108] = -0.6724853516;
Wave[109] = -0.6005249023;
Wave[110] = -0.1236572266;
Wave[111] = 0.1024169922;
Wave[112] = 0.4254150391;
Wave[113] = 0.7291870117;
Wave[114] = 0.4805297852;
Wave[115] = 0.0447692871;
Wave[116] = -0.5878295898;
Wave[117] = -0.4772644043;
Wave[118] = -0.0830993652;
Wave[119] = 0.3296203613;
Wave[120] = 0.1850585938;
Wave[121] = 0.6011047363;
Wave[122] = 0.5856018066;
Wave[123] = 0.4185791016;
Wave[124] = -0.2698059082;
Wave[125] = -0.2499389648;
Wave[126] = -0.1511535645;
Wave[127] = 0.7995300293;
Selected.WaveTable.set(1, Wave);

?>
