#defaults=no
#cm=OSC
Wave=2
<?

float Wave[128];
Wave[0] = 0.7613525391;
Wave[1] = 0.6990661621;
Wave[2] = -0.8551330566;
Wave[3] = -0.7274475098;
Wave[4] = -0.6553955078;
Wave[5] = -0.5626220703;
Wave[6] = -0.4750671387;
Wave[7] = -0.3869018555;
Wave[8] = -0.2980651855;
Wave[9] = -0.2124633789;
Wave[10] = -0.1312561035;
Wave[11] = -0.0499267578;
Wave[12] = 0.0338745117;
Wave[13] = 0.1126708984;
Wave[14] = 0.1858215332;
Wave[15] = 0.2571716309;
Wave[16] = 0.3288879395;
Wave[17] = 0.3992614746;
Wave[18] = 0.4783325195;
Wave[19] = 0.533782959;
Wave[20] = 0.5986328125;
Wave[21] = 0.6553039551;
Wave[22] = -0.5790100098;
Wave[23] = -0.752166748;
Wave[24] = -0.6950378418;
Wave[25] = -0.6150512695;
Wave[26] = -0.5200195312;
Wave[27] = -0.4256896973;
Wave[28] = -0.3391723633;
Wave[29] = -0.2561950684;
Wave[30] = -0.1687011719;
Wave[31] = -0.0858459473;
Wave[32] = -0.0089111328;
Wave[33] = 0.0724182129;
Wave[34] = 0.151550293;
Wave[35] = 0.2245178223;
Wave[36] = 0.2973327637;
Wave[37] = 0.3656005859;
Wave[38] = 0.4377746582;
Wave[39] = 0.5016174316;
Wave[40] = 0.5722961426;
Wave[41] = 0.6344604492;
Wave[42] = 0.6947631836;
Wave[43] = 0.7627258301;
Wave[44] = -0.5873718262;
Wave[45] = -0.851776123;
Wave[46] = -0.7183227539;
Wave[47] = -0.6296081543;
Wave[48] = -0.5336608887;
Wave[49] = -0.438659668;
Wave[50] = -0.3489990234;
Wave[51] = -0.2650146484;
Wave[52] = -0.1842346191;
Wave[53] = -0.1016845703;
Wave[54] = -0.0237426758;
Wave[55] = 0.0582275391;
Wave[56] = 0.1419677734;
Wave[57] = 0.2141723633;
Wave[58] = 0.2854309082;
Wave[59] = 0.3533325195;
Wave[60] = 0.4339904785;
Wave[61] = 0.5046386719;
Wave[62] = 0.5679321289;
Wave[63] = 0.6226196289;
Wave[64] = 0.6819763184;
Wave[65] = 0.5791625977;
Wave[66] = -0.7641601562;
Wave[67] = -0.6118469238;
Wave[68] = -0.5444030762;
Wave[69] = -0.4551391602;
Wave[70] = -0.3657531738;
Wave[71] = -0.2821044922;
Wave[72] = -0.1927185059;
Wave[73] = -0.1138916016;
Wave[74] = -0.0361328125;
Wave[75] = 0.0446472168;
Wave[76] = 0.1240844727;
Wave[77] = 0.2054443359;
Wave[78] = 0.2757263184;
Wave[79] = 0.3446960449;
Wave[80] = 0.4131469727;
Wave[81] = 0.4790039062;
Wave[82] = 0.5553283691;
Wave[83] = 0.6136779785;
Wave[84] = 0.6725158691;
Wave[85] = 0.7200927734;
Wave[86] = -0.6395263672;
Wave[87] = -0.8834228516;
Wave[88] = -0.8211364746;
Wave[89] = -0.738861084;
Wave[90] = -0.6368713379;
Wave[91] = -0.5471801758;
Wave[92] = -0.4542541504;
Wave[93] = -0.3656616211;
Wave[94] = -0.277557373;
Wave[95] = -0.1924743652;
Wave[96] = -0.1163024902;
Wave[97] = -0.0336608887;
Wave[98] = 0.049987793;
Wave[99] = 0.1259765625;
Wave[100] = 0.2035827637;
Wave[101] = 0.2734069824;
Wave[102] = 0.3456726074;
Wave[103] = 0.4129638672;
Wave[104] = 0.4916381836;
Wave[105] = 0.5531921387;
Wave[106] = 0.6139221191;
Wave[107] = 0.6479187012;
Wave[108] = -0.6503601074;
Wave[109] = -0.7224731445;
Wave[110] = -0.6146240234;
Wave[111] = -0.5223999023;
Wave[112] = -0.4309082031;
Wave[113] = -0.3440856934;
Wave[114] = -0.2597045898;
Wave[115] = -0.1728820801;
Wave[116] = -0.0964355469;
Wave[117] = -0.0092163086;
Wave[118] = 0.0645751953;
Wave[119] = 0.136505127;
Wave[120] = 0.2217102051;
Wave[121] = 0.2950439453;
Wave[122] = 0.3711853027;
Wave[123] = 0.4341430664;
Wave[124] = 0.5081787109;
Wave[125] = 0.5763244629;
Wave[126] = 0.6400146484;
Wave[127] = 0.751739502;
Selected.WaveTable.set(1, Wave);

?>
