#defaults=no
#cm=OSC
Wave=2
<?

float Wave[128];
Wave[0] = 0.2300109863;
Wave[1] = 0.3037109375;
Wave[2] = 0.2749633789;
Wave[3] = 0.1748046875;
Wave[4] = 0.0724182129;
Wave[5] = -0.0533752441;
Wave[6] = -0.2293701172;
Wave[7] = -0.3970947266;
Wave[8] = -0.5669250488;
Wave[9] = -0.6930236816;
Wave[10] = -0.7283325195;
Wave[11] = -0.7391357422;
Wave[12] = -0.7676696777;
Wave[13] = -0.7698364258;
Wave[14] = -0.7105407715;
Wave[15] = -0.5619812012;
Wave[16] = -0.3317260742;
Wave[17] = -0.1249389648;
Wave[18] = -0.0952758789;
Wave[19] = -0.1985168457;
Wave[20] = -0.3153991699;
Wave[21] = -0.4255371094;
Wave[22] = -0.4703369141;
Wave[23] = -0.3987426758;
Wave[24] = -0.3559265137;
Wave[25] = -0.3062744141;
Wave[26] = -0.1683959961;
Wave[27] = -0.0267944336;
Wave[28] = 0.0721130371;
Wave[29] = 0.1666870117;
Wave[30] = 0.2922363281;
Wave[31] = 0.5397949219;
Wave[32] = 0.8272705078;
Wave[33] = 0.9290466309;
Wave[34] = 0.813873291;
Wave[35] = 0.6710510254;
Wave[36] = 0.6477050781;
Wave[37] = 0.6523132324;
Wave[38] = 0.5671081543;
Wave[39] = 0.39453125;
Wave[40] = 0.1449279785;
Wave[41] = -0.0528259277;
Wave[42] = -0.1293640137;
Wave[43] = -0.1496582031;
Wave[44] = -0.1385498047;
Wave[45] = -0.0598144531;
Wave[46] = 0.059753418;
Wave[47] = 0.2100524902;
Wave[48] = 0.3553771973;
Wave[49] = 0.3804626465;
Wave[50] = 0.2659606934;
Wave[51] = 0.1600646973;
Wave[52] = 0.1168212891;
Wave[53] = 0.0114440918;
Wave[54] = -0.0846557617;
Wave[55] = -0.1239318848;
Wave[56] = -0.2125854492;
Wave[57] = -0.2303161621;
Wave[58] = -0.1077575684;
Wave[59] = 0.0435791016;
Wave[60] = 0.1842651367;
Wave[61] = 0.2207641602;
Wave[62] = 0.1344299316;
Wave[63] = 0.1127624512;
Wave[64] = 0.2178955078;
Wave[65] = 0.2629699707;
Wave[66] = 0.2218017578;
Wave[67] = 0.1863708496;
Wave[68] = 0.1266174316;
Wave[69] = 0.0100097656;
Wave[70] = -0.1516418457;
Wave[71] = -0.3090515137;
Wave[72] = -0.411529541;
Wave[73] = -0.4838562012;
Wave[74] = -0.5423583984;
Wave[75] = -0.5683898926;
Wave[76] = -0.6046142578;
Wave[77] = -0.6585083008;
Wave[78] = -0.6381835938;
Wave[79] = -0.5128173828;
Wave[80] = -0.3518066406;
Wave[81] = -0.214263916;
Wave[82] = -0.1362915039;
Wave[83] = -0.1668395996;
Wave[84] = -0.2922363281;
Wave[85] = -0.3964233398;
Wave[86] = -0.476776123;
Wave[87] = -0.5065002441;
Wave[88] = -0.4365844727;
Wave[89] = -0.3685913086;
Wave[90] = -0.3005981445;
Wave[91] = -0.1829528809;
Wave[92] = -0.0559997559;
Wave[93] = 0.1156921387;
Wave[94] = 0.3381652832;
Wave[95] = 0.5403442383;
Wave[96] = 0.7526855469;
Wave[97] = 0.9496459961;
Wave[98] = 0.9912719727;
Wave[99] = 0.898223877;
Wave[100] = 0.8128356934;
Wave[101] = 0.7962341309;
Wave[102] = 0.7549133301;
Wave[103] = 0.6298522949;
Wave[104] = 0.4076538086;
Wave[105] = 0.1140136719;
Wave[106] = -0.1406860352;
Wave[107] = -0.263092041;
Wave[108] = -0.274017334;
Wave[109] = -0.2359619141;
Wave[110] = -0.1698608398;
Wave[111] = -0.0798339844;
Wave[112] = 0.051940918;
Wave[113] = 0.1886291504;
Wave[114] = 0.2233276367;
Wave[115] = 0.1608276367;
Wave[116] = 0.1122741699;
Wave[117] = 0.0963134766;
Wave[118] = 0.0153198242;
Wave[119] = -0.0969238281;
Wave[120] = -0.14453125;
Wave[121] = -0.1858215332;
Wave[122] = -0.1768493652;
Wave[123] = -0.0483703613;
Wave[124] = 0.1296081543;
Wave[125] = 0.2760009766;
Wave[126] = 0.2988586426;
Wave[127] = 0.1881713867;
Selected.WaveTable.set(1, Wave);

?>
