#defaults=no
#cm=OSC
Wave=2
<?

float Wave[128];
Wave[0] = -0.3443603516;
Wave[1] = -0.4012756348;
Wave[2] = -0.5101318359;
Wave[3] = -0.6077575684;
Wave[4] = -0.6733093262;
Wave[5] = -0.7012634277;
Wave[6] = -0.6760253906;
Wave[7] = -0.6100463867;
Wave[8] = -0.5729064941;
Wave[9] = -0.6074523926;
Wave[10] = -0.6911315918;
Wave[11] = -0.78125;
Wave[12] = -0.8684387207;
Wave[13] = -0.9396057129;
Wave[14] = -0.9456176758;
Wave[15] = -0.8208312988;
Wave[16] = -0.521270752;
Wave[17] = -0.0543518066;
Wave[18] = 0.4508056641;
Wave[19] = 0.7769775391;
Wave[20] = 0.779296875;
Wave[21] = 0.5318603516;
Wave[22] = 0.2184448242;
Wave[23] = -0.0307312012;
Wave[24] = -0.2004089355;
Wave[25] = -0.3082885742;
Wave[26] = -0.3510437012;
Wave[27] = -0.2995300293;
Wave[28] = -0.1131591797;
Wave[29] = 0.1812744141;
Wave[30] = 0.4634399414;
Wave[31] = 0.6098022461;
Wave[32] = 0.6306762695;
Wave[33] = 0.6238708496;
Wave[34] = 0.6402587891;
Wave[35] = 0.6553039551;
Wave[36] = 0.6540527344;
Wave[37] = 0.6506958008;
Wave[38] = 0.6415405273;
Wave[39] = 0.5946655273;
Wave[40] = 0.5043640137;
Wave[41] = 0.3863525391;
Wave[42] = 0.2557983398;
Wave[43] = 0.1549987793;
Wave[44] = 0.1500854492;
Wave[45] = 0.2583312988;
Wave[46] = 0.4315795898;
Wave[47] = 0.6119384766;
Wave[48] = 0.7791137695;
Wave[49] = 0.9228820801;
Wave[50] = 0.9949035645;
Wave[51] = 0.9224243164;
Wave[52] = 0.7216796875;
Wave[53] = 0.4855957031;
Wave[54] = 0.3223571777;
Wave[55] = 0.2692260742;
Wave[56] = 0.2980041504;
Wave[57] = 0.3508605957;
Wave[58] = 0.4046020508;
Wave[59] = 0.4733276367;
Wave[60] = 0.5531311035;
Wave[61] = 0.6095275879;
Wave[62] = 0.5978088379;
Wave[63] = 0.5196838379;
Wave[64] = 0.4233093262;
Wave[65] = 0.3731079102;
Wave[66] = 0.4058532715;
Wave[67] = 0.4973449707;
Wave[68] = 0.5653686523;
Wave[69] = 0.5523681641;
Wave[70] = 0.4775085449;
Wave[71] = 0.4057617188;
Wave[72] = 0.369354248;
Wave[73] = 0.3598937988;
Wave[74] = 0.3738708496;
Wave[75] = 0.4122924805;
Wave[76] = 0.4627990723;
Wave[77] = 0.5088195801;
Wave[78] = 0.528717041;
Wave[79] = 0.4857177734;
Wave[80] = 0.3338317871;
Wave[81] = 0.0873718262;
Wave[82] = -0.1690368652;
Wave[83] = -0.339263916;
Wave[84] = -0.3796691895;
Wave[85] = -0.2897033691;
Wave[86] = -0.1102294922;
Wave[87] = 0.0793762207;
Wave[88] = 0.205291748;
Wave[89] = 0.2413024902;
Wave[90] = 0.2004394531;
Wave[91] = 0.0793762207;
Wave[92] = -0.099395752;
Wave[93] = -0.2803344727;
Wave[94] = -0.416229248;
Wave[95] = -0.4848937988;
Wave[96] = -0.4569702148;
Wave[97] = -0.3201599121;
Wave[98] = -0.1436157227;
Wave[99] = -0.0660705566;
Wave[100] = -0.1514892578;
Wave[101] = -0.3329467773;
Wave[102] = -0.4920654297;
Wave[103] = -0.5712280273;
Wave[104] = -0.5716247559;
Wave[105] = -0.5290222168;
Wave[106] = -0.4767150879;
Wave[107] = -0.4248352051;
Wave[108] = -0.3506774902;
Wave[109] = -0.2649230957;
Wave[110] = -0.2217102051;
Wave[111] = -0.2620239258;
Wave[112] = -0.3472595215;
Wave[113] = -0.4244384766;
Wave[114] = -0.4560546875;
Wave[115] = -0.4088745117;
Wave[116] = -0.2764282227;
Wave[117] = -0.1401672363;
Wave[118] = -0.1022033691;
Wave[119] = -0.1715393066;
Wave[120] = -0.269317627;
Wave[121] = -0.3598022461;
Wave[122] = -0.4540405273;
Wave[123] = -0.5322265625;
Wave[124] = -0.5550842285;
Wave[125] = -0.529296875;
Wave[126] = -0.4819946289;
Wave[127] = -0.352355957;
Selected.WaveTable.set(1, Wave);

?>
