#defaults=no
#cm=OSC
Wave=2
<?

float Wave[128];
Wave[0] = -0.2208557129;
Wave[1] = -0.2162475586;
Wave[2] = -0.4456176758;
Wave[3] = -0.5073852539;
Wave[4] = -0.7035522461;
Wave[5] = -0.6190185547;
Wave[6] = -0.2424621582;
Wave[7] = 0.133392334;
Wave[8] = -0.1735839844;
Wave[9] = -0.1244812012;
Wave[10] = 0.2872619629;
Wave[11] = 0.4216003418;
Wave[12] = 0.0933837891;
Wave[13] = -0.0684509277;
Wave[14] = 0.0865783691;
Wave[15] = 0.1805419922;
Wave[16] = 0.0554504395;
Wave[17] = -0.0301208496;
Wave[18] = 0.027130127;
Wave[19] = 0.0987854004;
Wave[20] = -0.0874328613;
Wave[21] = -0.0457458496;
Wave[22] = 0.3807373047;
Wave[23] = 0.469329834;
Wave[24] = 0.33984375;
Wave[25] = 0.4376525879;
Wave[26] = 0.5665893555;
Wave[27] = 0.3461608887;
Wave[28] = 0.0888366699;
Wave[29] = -0.029083252;
Wave[30] = -0.2399291992;
Wave[31] = -0.4613952637;
Wave[32] = -0.2753295898;
Wave[33] = -0.3326721191;
Wave[34] = -0.8005371094;
Wave[35] = -0.9858703613;
Wave[36] = -0.8583984375;
Wave[37] = -0.6924743652;
Wave[38] = -0.7528991699;
Wave[39] = -0.7377929688;
Wave[40] = -0.5519104004;
Wave[41] = -0.3718566895;
Wave[42] = -0.3803100586;
Wave[43] = -0.2416992188;
Wave[44] = 0.070098877;
Wave[45] = 0.1969604492;
Wave[46] = -0.0841369629;
Wave[47] = -0.0176391602;
Wave[48] = 0.1152038574;
Wave[49] = 0.1916809082;
Wave[50] = 0.0907287598;
Wave[51] = 0.0772094727;
Wave[52] = 0.2075500488;
Wave[53] = 0.1459655762;
Wave[54] = 0.195098877;
Wave[55] = 0.2376098633;
Wave[56] = 0.1862487793;
Wave[57] = 0.3714294434;
Wave[58] = 0.4660339355;
Wave[59] = 0.6018066406;
Wave[60] = 0.6018066406;
Wave[61] = 0.3638916016;
Wave[62] = 0.3888244629;
Wave[63] = 0.6777648926;
Wave[64] = 0.6929931641;
Wave[65] = 0.5297851562;
Wave[66] = 0.4739379883;
Wave[67] = 0.6597900391;
Wave[68] = 0.4892578125;
Wave[69] = 0.3256225586;
Wave[70] = 0.3001403809;
Wave[71] = 0.2903747559;
Wave[72] = 0.1070556641;
Wave[73] = 0.0234985352;
Wave[74] = 0.1128845215;
Wave[75] = 0.0768737793;
Wave[76] = 0.0269165039;
Wave[77] = 0.0033874512;
Wave[78] = -0.0643615723;
Wave[79] = 0.0623779297;
Wave[80] = 0.0157470703;
Wave[81] = -0.0349121094;
Wave[82] = 0.1637268066;
Wave[83] = 0.1746826172;
Wave[84] = 0.0504150391;
Wave[85] = 0.0885620117;
Wave[86] = 0.2758789062;
Wave[87] = 0.3100585938;
Wave[88] = 0.3126525879;
Wave[89] = 0.2346801758;
Wave[90] = 0.1332092285;
Wave[91] = -0.1200561523;
Wave[92] = -0.1188964844;
Wave[93] = 0.0389404297;
Wave[94] = 0.0221252441;
Wave[95] = 0.0062866211;
Wave[96] = -0.241394043;
Wave[97] = -0.3247375488;
Wave[98] = -0.2180175781;
Wave[99] = -0.1181030273;
Wave[100] = -0.1992797852;
Wave[101] = -0.2357788086;
Wave[102] = -0.144317627;
Wave[103] = -0.1935119629;
Wave[104] = -0.1886901855;
Wave[105] = -0.2627563477;
Wave[106] = -0.3056640625;
Wave[107] = -0.252746582;
Wave[108] = -0.1690368652;
Wave[109] = 0.0970153809;
Wave[110] = 0.1480712891;
Wave[111] = 0.0878601074;
Wave[112] = 0.1151123047;
Wave[113] = 0.2613220215;
Wave[114] = 0.3254394531;
Wave[115] = 0.2810974121;
Wave[116] = 0.2601318359;
Wave[117] = 0.004699707;
Wave[118] = 0.0242614746;
Wave[119] = 0.1599121094;
Wave[120] = 0.115020752;
Wave[121] = -0.0528869629;
Wave[122] = -0.0244445801;
Wave[123] = -0.0752868652;
Wave[124] = -0.186706543;
Wave[125] = -0.2524414062;
Wave[126] = -0.412109375;
Wave[127] = -0.3471069336;
Selected.WaveTable.set(1, Wave);

?>
