#defaults=no
#cm=OSC
Wave=2
<?

float Wave[128];
Wave[0] = -0.7184448242;
Wave[1] = -0.8564758301;
Wave[2] = -0.7147827148;
Wave[3] = -0.799621582;
Wave[4] = -0.677154541;
Wave[5] = -0.8428649902;
Wave[6] = -0.6727294922;
Wave[7] = -0.6322021484;
Wave[8] = -0.6830444336;
Wave[9] = -0.7642822266;
Wave[10] = -0.7511291504;
Wave[11] = -0.6666259766;
Wave[12] = -0.7288818359;
Wave[13] = -0.6675415039;
Wave[14] = -0.7300109863;
Wave[15] = -0.6090393066;
Wave[16] = -0.6278076172;
Wave[17] = -0.6002502441;
Wave[18] = -0.6098327637;
Wave[19] = -0.5668029785;
Wave[20] = -0.5949401855;
Wave[21] = -0.5296630859;
Wave[22] = -0.5036621094;
Wave[23] = -0.4710998535;
Wave[24] = -0.5396118164;
Wave[25] = -0.4920349121;
Wave[26] = -0.4814147949;
Wave[27] = -0.4096679688;
Wave[28] = -0.2856445312;
Wave[29] = -0.3511962891;
Wave[30] = -0.2391052246;
Wave[31] = -0.2658081055;
Wave[32] = -0.1353759766;
Wave[33] = -0.1977233887;
Wave[34] = -0.3732299805;
Wave[35] = -0.184753418;
Wave[36] = -0.0333862305;
Wave[37] = 0.0872497559;
Wave[38] = -0.111114502;
Wave[39] = 0.1496582031;
Wave[40] = -0.1238098145;
Wave[41] = 0.1884155273;
Wave[42] = -0.1256408691;
Wave[43] = 0.2796020508;
Wave[44] = 0.2088623047;
Wave[45] = 0.0909118652;
Wave[46] = 0.2109069824;
Wave[47] = 0.4444274902;
Wave[48] = 0.244140625;
Wave[49] = 0.5238952637;
Wave[50] = 0.2252502441;
Wave[51] = 0.6256103516;
Wave[52] = 0.3823852539;
Wave[53] = 0.4476013184;
Wave[54] = 0.6434936523;
Wave[55] = 0.5953979492;
Wave[56] = 0.383026123;
Wave[57] = 0.6624755859;
Wave[58] = 0.5044555664;
Wave[59] = 0.7660827637;
Wave[60] = 0.4902648926;
Wave[61] = 0.7608947754;
Wave[62] = 0.7657165527;
Wave[63] = 0.7059326172;
Wave[64] = 0.5939941406;
Wave[65] = 0.7152404785;
Wave[66] = 0.771484375;
Wave[67] = 0.6532897949;
Wave[68] = 0.7279968262;
Wave[69] = 0.5858764648;
Wave[70] = 0.8851928711;
Wave[71] = 0.7346801758;
Wave[72] = 0.8267822266;
Wave[73] = 0.6977539062;
Wave[74] = 0.6777954102;
Wave[75] = 0.7111206055;
Wave[76] = 0.6651306152;
Wave[77] = 0.7009277344;
Wave[78] = 0.6131896973;
Wave[79] = 0.6899108887;
Wave[80] = 0.6134033203;
Wave[81] = 0.615447998;
Wave[82] = 0.5942382812;
Wave[83] = 0.6150817871;
Wave[84] = 0.5521240234;
Wave[85] = 0.6142578125;
Wave[86] = 0.5074462891;
Wave[87] = 0.558807373;
Wave[88] = 0.4714660645;
Wave[89] = 0.3204040527;
Wave[90] = 0.3536682129;
Wave[91] = 0.4195861816;
Wave[92] = 0.4998474121;
Wave[93] = 0.3178100586;
Wave[94] = 0.4191894531;
Wave[95] = 0.2290039062;
Wave[96] = 0.3321228027;
Wave[97] = 0.1237487793;
Wave[98] = 0.0953369141;
Wave[99] = 0.2262878418;
Wave[100] = -0.0094909668;
Wave[101] = 0.1195068359;
Wave[102] = 0.185760498;
Wave[103] = -0.0242919922;
Wave[104] = 0.125579834;
Wave[105] = -0.1844787598;
Wave[106] = 0.0946960449;
Wave[107] = -0.2291870117;
Wave[108] = -0.2887878418;
Wave[109] = -0.145324707;
Wave[110] = -0.0903930664;
Wave[111] = -0.4284362793;
Wave[112] = -0.3090820312;
Wave[113] = -0.3934631348;
Wave[114] = -0.3476867676;
Wave[115] = -0.4412841797;
Wave[116] = -0.5511474609;
Wave[117] = -0.2865600586;
Wave[118] = -0.6123046875;
Wave[119] = -0.6795043945;
Wave[120] = -0.5608215332;
Wave[121] = -0.5151367188;
Wave[122] = -0.7229003906;
Wave[123] = -0.6059570312;
Wave[124] = -0.8842468262;
Wave[125] = -0.4046020508;
Wave[126] = -0.7605895996;
Wave[127] = -0.6371459961;
Selected.WaveTable.set(1, Wave);

?>
