#defaults=no
#cm=OSC
Wave=2
<?

float Wave[128];
Wave[0] = 0.0660400391;
Wave[1] = 0.038848877;
Wave[2] = -0.0247192383;
Wave[3] = -0.0626525879;
Wave[4] = 0.0788269043;
Wave[5] = 0.2372741699;
Wave[6] = 0.2182922363;
Wave[7] = 0.2418823242;
Wave[8] = 0.3850097656;
Wave[9] = 0.5897521973;
Wave[10] = 0.5809020996;
Wave[11] = 0.4075317383;
Wave[12] = 0.2701416016;
Wave[13] = 0.2455749512;
Wave[14] = 0.2622070312;
Wave[15] = 0.1516113281;
Wave[16] = -0.0288696289;
Wave[17] = 0.0178222656;
Wave[18] = 0.1025695801;
Wave[19] = 0.1952514648;
Wave[20] = 0.3083190918;
Wave[21] = 0.2804260254;
Wave[22] = 0.2127685547;
Wave[23] = 0.3515930176;
Wave[24] = 0.3723754883;
Wave[25] = 0.2966918945;
Wave[26] = 0.3513793945;
Wave[27] = 0.3751525879;
Wave[28] = 0.4273681641;
Wave[29] = 0.407989502;
Wave[30] = 0.4457702637;
Wave[31] = 0.4257202148;
Wave[32] = 0.3740539551;
Wave[33] = 0.3230285645;
Wave[34] = 0.411895752;
Wave[35] = 0.6100463867;
Wave[36] = 0.6119995117;
Wave[37] = 0.5744934082;
Wave[38] = 0.6079711914;
Wave[39] = 0.6471252441;
Wave[40] = 0.5967712402;
Wave[41] = 0.5173950195;
Wave[42] = 0.3823242188;
Wave[43] = 0.1007080078;
Wave[44] = 0.0516357422;
Wave[45] = 0.0471801758;
Wave[46] = 0.0426025391;
Wave[47] = 0.0845947266;
Wave[48] = 0.0744628906;
Wave[49] = -0.1249389648;
Wave[50] = -0.1276550293;
Wave[51] = -0.2019042969;
Wave[52] = -0.3545227051;
Wave[53] = -0.4214477539;
Wave[54] = -0.4047851562;
Wave[55] = -0.3751525879;
Wave[56] = -0.2330932617;
Wave[57] = -0.1005249023;
Wave[58] = -0.1362304688;
Wave[59] = -0.2496643066;
Wave[60] = -0.2978210449;
Wave[61] = -0.0615539551;
Wave[62] = 0.1208496094;
Wave[63] = 0.2598266602;
Wave[64] = 0.263885498;
Wave[65] = 0.310333252;
Wave[66] = 0.266418457;
Wave[67] = 0.0907897949;
Wave[68] = 0.1318359375;
Wave[69] = 0.1649780273;
Wave[70] = 0.0495910645;
Wave[71] = -0.0751953125;
Wave[72] = -0.157043457;
Wave[73] = -0.1418762207;
Wave[74] = -0.1079711914;
Wave[75] = -0.2036437988;
Wave[76] = -0.266204834;
Wave[77] = -0.366394043;
Wave[78] = -0.4040222168;
Wave[79] = -0.3185119629;
Wave[80] = -0.4591064453;
Wave[81] = -0.6173706055;
Wave[82] = -0.7476806641;
Wave[83] = -0.7047424316;
Wave[84] = -0.6259155273;
Wave[85] = -0.677947998;
Wave[86] = -0.6735534668;
Wave[87] = -0.561920166;
Wave[88] = -0.0835571289;
Wave[89] = 0.3673400879;
Wave[90] = 0.5694580078;
Wave[91] = 0.6287841797;
Wave[92] = 0.5325927734;
Wave[93] = 0.3295593262;
Wave[94] = 0.1772766113;
Wave[95] = -0.0473937988;
Wave[96] = -0.0207824707;
Wave[97] = 0.2805480957;
Wave[98] = 0.5364074707;
Wave[99] = 0.3954162598;
Wave[100] = 0.097442627;
Wave[101] = 0.0260314941;
Wave[102] = 0.0097351074;
Wave[103] = 0.00390625;
Wave[104] = 0.0583190918;
Wave[105] = 0.0297851562;
Wave[106] = -0.0030822754;
Wave[107] = -0.1082763672;
Wave[108] = -0.266204834;
Wave[109] = -0.4012756348;
Wave[110] = -0.2939758301;
Wave[111] = -0.2552185059;
Wave[112] = -0.6089782715;
Wave[113] = -0.9284973145;
Wave[114] = -0.9213867188;
Wave[115] = -0.948059082;
Wave[116] = -1;
Wave[117] = -0.9131469727;
Wave[118] = -0.6470336914;
Wave[119] = -0.3909301758;
Wave[120] = -0.2471618652;
Wave[121] = -0.2693481445;
Wave[122] = -0.3878173828;
Wave[123] = -0.4850463867;
Wave[124] = -0.5180053711;
Wave[125] = -0.3872680664;
Wave[126] = -0.1665344238;
Wave[127] = 0.0479125977;
Selected.WaveTable.set(1, Wave);

?>
