#defaults=no
#cm=OSC
Wave=2
<?

float Wave[128];
Wave[0] = -0.1516418457;
Wave[1] = -0.229675293;
Wave[2] = -0.2051391602;
Wave[3] = -0.0360412598;
Wave[4] = 0.1434326172;
Wave[5] = 0.1333007812;
Wave[6] = -0.0890197754;
Wave[7] = -0.3834533691;
Wave[8] = -0.5185241699;
Wave[9] = -0.4273071289;
Wave[10] = -0.2686462402;
Wave[11] = -0.2296142578;
Wave[12] = -0.3213195801;
Wave[13] = -0.3848571777;
Wave[14] = -0.2193603516;
Wave[15] = 0.0873718262;
Wave[16] = 0.3861999512;
Wave[17] = 0.6327514648;
Wave[18] = 0.6093444824;
Wave[19] = 0.4750366211;
Wave[20] = 0.431854248;
Wave[21] = 0.5330810547;
Wave[22] = 0.6624755859;
Wave[23] = 0.5942077637;
Wave[24] = 0.310760498;
Wave[25] = 0.000793457;
Wave[26] = -0.1080932617;
Wave[27] = 0.0321350098;
Wave[28] = 0.2424926758;
Wave[29] = 0.3245849609;
Wave[30] = 0.2403869629;
Wave[31] = 0.1780395508;
Wave[32] = 0.3183288574;
Wave[33] = 0.6254272461;
Wave[34] = 0.8889770508;
Wave[35] = 0.8696289062;
Wave[36] = 0.6195678711;
Wave[37] = 0.3505554199;
Wave[38] = 0.2600708008;
Wave[39] = 0.2997436523;
Wave[40] = 0.2755126953;
Wave[41] = 0.0419921875;
Wave[42] = -0.3211364746;
Wave[43] = -0.5343017578;
Wave[44] = -0.4668579102;
Wave[45] = -0.2231445312;
Wave[46] = -0.0278930664;
Wave[47] = -0.0536193848;
Wave[48] = -0.1981201172;
Wave[49] = -0.1209411621;
Wave[50] = 0.1304626465;
Wave[51] = 0.3080749512;
Wave[52] = 0.2133178711;
Wave[53] = -0.1159667969;
Wave[54] = -0.4344482422;
Wave[55] = -0.5556335449;
Wave[56] = -0.4927368164;
Wave[57] = -0.4638977051;
Wave[58] = -0.6116333008;
Wave[59] = -0.8785705566;
Wave[60] = -0.9993286133;
Wave[61] = -0.836730957;
Wave[62] = -0.4784545898;
Wave[63] = -0.1852416992;
Wave[64] = -0.1392211914;
Wave[65] = -0.2382202148;
Wave[66] = -0.253112793;
Wave[67] = -0.07421875;
Wave[68] = 0.1507873535;
Wave[69] = 0.1860351562;
Wave[70] = -0.0350646973;
Wave[71] = -0.3714599609;
Wave[72] = -0.5687561035;
Wave[73] = -0.4871826172;
Wave[74] = -0.2967834473;
Wave[75] = -0.2234191895;
Wave[76] = -0.3190612793;
Wave[77] = -0.4286193848;
Wave[78] = -0.3006286621;
Wave[79] = 0.0430603027;
Wave[80] = 0.3515319824;
Wave[81] = 0.6583557129;
Wave[82] = 0.6671447754;
Wave[83] = 0.5045776367;
Wave[84] = 0.4282836914;
Wave[85] = 0.52734375;
Wave[86] = 0.6914978027;
Wave[87] = 0.6734619141;
Wave[88] = 0.3835144043;
Wave[89] = 0.0219116211;
Wave[90] = -0.1295471191;
Wave[91] = -0.0122375488;
Wave[92] = 0.2412414551;
Wave[93] = 0.3592834473;
Wave[94] = 0.2752075195;
Wave[95] = 0.1742858887;
Wave[96] = 0.2831420898;
Wave[97] = 0.6062316895;
Wave[98] = 0.9188842773;
Wave[99] = 0.954864502;
Wave[100] = 0.6966552734;
Wave[101] = 0.3905334473;
Wave[102] = 0.2699279785;
Wave[103] = 0.3150939941;
Wave[104] = 0.3276062012;
Wave[105] = 0.121887207;
Wave[106] = -0.1679077148;
Wave[107] = -0.4262695312;
Wave[108] = -0.4808044434;
Wave[109] = -0.3148803711;
Wave[110] = -0.1084899902;
Wave[111] = -0.0513916016;
Wave[112] = -0.1263122559;
Wave[113] = -0.1554870605;
Wave[114] = 0.0103759766;
Wave[115] = 0.2159118652;
Wave[116] = 0.238067627;
Wave[117] = 0.0154724121;
Wave[118] = -0.2956848145;
Wave[119] = -0.4929504395;
Wave[120] = -0.5048522949;
Wave[121] = -0.4569702148;
Wave[122] = -0.5287475586;
Wave[123] = -0.7301025391;
Wave[124] = -0.9102478027;
Wave[125] = -0.8721923828;
Wave[126] = -0.5998535156;
Wave[127] = -0.1442260742;
Selected.WaveTable.set(1, Wave);

?>
