#defaults=no
#cm=OSC
Wave=2
<?

float Wave[128];
Wave[0] = -0.4157714844;
Wave[1] = -0.4232788086;
Wave[2] = -0.3941955566;
Wave[3] = -0.3896179199;
Wave[4] = -0.3942871094;
Wave[5] = -0.396484375;
Wave[6] = -0.3547973633;
Wave[7] = -0.2828063965;
Wave[8] = -0.1505126953;
Wave[9] = 0.184967041;
Wave[10] = 0.354675293;
Wave[11] = 0.2414855957;
Wave[12] = 0.1583557129;
Wave[13] = 0.2325134277;
Wave[14] = 0.325012207;
Wave[15] = 0.3038635254;
Wave[16] = 0.2747802734;
Wave[17] = 0.3315124512;
Wave[18] = 0.4736633301;
Wave[19] = 0.7216796875;
Wave[20] = 0.9664916992;
Wave[21] = 0.9115600586;
Wave[22] = 0.7701721191;
Wave[23] = 0.8798217773;
Wave[24] = 0.9636230469;
Wave[25] = 0.873260498;
Wave[26] = 0.5906677246;
Wave[27] = 0.053527832;
Wave[28] = -0.3137817383;
Wave[29] = 0.0603027344;
Wave[30] = 0.3193969727;
Wave[31] = 0.0818481445;
Wave[32] = -0.0524902344;
Wave[33] = -0.0967712402;
Wave[34] = -0.1605224609;
Wave[35] = -0.1783752441;
Wave[36] = -0.1551208496;
Wave[37] = -0.2108154297;
Wave[38] = -0.2807922363;
Wave[39] = 0.145904541;
Wave[40] = 0.5708618164;
Wave[41] = 0.1684875488;
Wave[42] = -0.3085327148;
Wave[43] = -0.2673339844;
Wave[44] = -0.0374450684;
Wave[45] = 0.1088867188;
Wave[46] = -0.0936584473;
Wave[47] = -0.4503173828;
Wave[48] = -0.7640380859;
Wave[49] = -0.7593383789;
Wave[50] = -0.4538574219;
Wave[51] = -0.2159118652;
Wave[52] = -0.1832885742;
Wave[53] = -0.2147521973;
Wave[54] = -0.2605895996;
Wave[55] = -0.2925109863;
Wave[56] = -0.3462219238;
Wave[57] = -0.4385681152;
Wave[58] = -0.5049133301;
Wave[59] = -0.5381774902;
Wave[60] = -0.4822387695;
Wave[61] = -0.4350891113;
Wave[62] = -0.4262390137;
Wave[63] = -0.4074401855;
Wave[64] = -0.3934631348;
Wave[65] = -0.3571472168;
Wave[66] = -0.3489074707;
Wave[67] = -0.3347167969;
Wave[68] = -0.2973022461;
Wave[69] = -0.272644043;
Wave[70] = -0.2288818359;
Wave[71] = -0.0634155273;
Wave[72] = 0.2599487305;
Wave[73] = 0.2867736816;
Wave[74] = 0.1505126953;
Wave[75] = 0.1749572754;
Wave[76] = 0.2918395996;
Wave[77] = 0.3578796387;
Wave[78] = 0.2791442871;
Wave[79] = 0.241607666;
Wave[80] = 0.3342895508;
Wave[81] = 0.5025939941;
Wave[82] = 0.7607116699;
Wave[83] = 0.9783325195;
Wave[84] = 0.9414978027;
Wave[85] = 0.7901000977;
Wave[86] = 0.8489379883;
Wave[87] = 0.9227905273;
Wave[88] = 0.8377075195;
Wave[89] = 0.6629333496;
Wave[90] = 0.6945800781;
Wave[91] = 0.8224487305;
Wave[92] = 0.4825439453;
Wave[93] = -0.1072998047;
Wave[94] = -0.2055664062;
Wave[95] = 0.2249755859;
Wave[96] = 0.2840576172;
Wave[97] = 0.0348205566;
Wave[98] = -0.0332336426;
Wave[99] = -0.0778198242;
Wave[100] = -0.1413574219;
Wave[101] = -0.1564941406;
Wave[102] = -0.1792297363;
Wave[103] = -0.298828125;
Wave[104] = -0.2372131348;
Wave[105] = 0.3596801758;
Wave[106] = 0.6452331543;
Wave[107] = 0.0874938965;
Wave[108] = -0.3588562012;
Wave[109] = -0.2647399902;
Wave[110] = -0.0472717285;
Wave[111] = 0.0635986328;
Wave[112] = -0.1405334473;
Wave[113] = -0.456817627;
Wave[114] = -0.7436218262;
Wave[115] = -0.7540283203;
Wave[116] = -0.4755859375;
Wave[117] = -0.2548522949;
Wave[118] = -0.2166748047;
Wave[119] = -0.2101135254;
Wave[120] = -0.2030029297;
Wave[121] = -0.2318115234;
Wave[122] = -0.350402832;
Wave[123] = -0.5280456543;
Wave[124] = -0.6041259766;
Wave[125] = -0.5841674805;
Wave[126] = -0.5078125;
Wave[127] = -0.4227600098;
Selected.WaveTable.set(1, Wave);

?>
