#defaults=no
#cm=OSC
Wave=2
<?

float Wave[128];
Wave[0] = 0.1806335449;
Wave[1] = 0.4677734375;
Wave[2] = 0.7852478027;
Wave[3] = 0.169921875;
Wave[4] = 0.716796875;
Wave[5] = 0.4317626953;
Wave[6] = -0.1081237793;
Wave[7] = 0.2446899414;
Wave[8] = 0.6458435059;
Wave[9] = 0.6621704102;
Wave[10] = 0.0855102539;
Wave[11] = 0.7121887207;
Wave[12] = 0.546661377;
Wave[13] = 0.0041503906;
Wave[14] = 0.3583068848;
Wave[15] = 0.7672729492;
Wave[16] = 0.307220459;
Wave[17] = 0.1024780273;
Wave[18] = 0.7131958008;
Wave[19] = 0.5829467773;
Wave[20] = 0.0904541016;
Wave[21] = 0.5502929688;
Wave[22] = 0.6657104492;
Wave[23] = -0.052520752;
Wave[24] = 0.183807373;
Wave[25] = 0.7308349609;
Wave[26] = 0.4951477051;
Wave[27] = 0.1762695312;
Wave[28] = 0.6713256836;
Wave[29] = 0.2671203613;
Wave[30] = -0.221496582;
Wave[31] = 0.2974853516;
Wave[32] = 0.693359375;
Wave[33] = 0.3262939453;
Wave[34] = 0.2823791504;
Wave[35] = 0.5012207031;
Wave[36] = -0.2685852051;
Wave[37] = -0.1939086914;
Wave[38] = 0.3389587402;
Wave[39] = 0.4344177246;
Wave[40] = 0.1360168457;
Wave[41] = 0.2836914062;
Wave[42] = -0.4158325195;
Wave[43] = -0.4417114258;
Wave[44] = -0.0118103027;
Wave[45] = 0.3985595703;
Wave[46] = 0.0965270996;
Wave[47] = 0.0789489746;
Wave[48] = -0.2680664062;
Wave[49] = -0.7728881836;
Wave[50] = -0.4371032715;
Wave[51] = -0.1126403809;
Wave[52] = 0.2794799805;
Wave[53] = -0.127746582;
Wave[54] = -0.1779785156;
Wave[55] = -0.8865661621;
Wave[56] = -0.5935668945;
Wave[57] = -0.6396179199;
Wave[58] = 0.082824707;
Wave[59] = -0.0199279785;
Wave[60] = -0.2212524414;
Wave[61] = -0.6982421875;
Wave[62] = -0.7249145508;
Wave[63] = -0.574432373;
Wave[64] = -0.6666870117;
Wave[65] = 0.2125854492;
Wave[66] = -0.2171936035;
Wave[67] = -0.4336853027;
Wave[68] = -0.883605957;
Wave[69] = -0.281829834;
Wave[70] = -0.7477416992;
Wave[71] = -0.4303894043;
Wave[72] = 0.0883789062;
Wave[73] = -0.3295898438;
Wave[74] = -0.7165527344;
Wave[75] = -0.4411621094;
Wave[76] = -0.1866760254;
Wave[77] = -0.7955627441;
Wave[78] = -0.2985229492;
Wave[79] = -0.0414428711;
Wave[80] = -0.5287780762;
Wave[81] = -0.6498413086;
Wave[82] = -0.0001831055;
Wave[83] = -0.2481689453;
Wave[84] = -0.7149658203;
Wave[85] = -0.3637390137;
Wave[86] = -0.111541748;
Wave[87] = -0.6525268555;
Wave[88] = -0.4009094238;
Wave[89] = 0.1769714355;
Wave[90] = -0.1808776855;
Wave[91] = -0.6511230469;
Wave[92] = -0.4033203125;
Wave[93] = -0.1338806152;
Wave[94] = -0.6041564941;
Wave[95] = -0.2010192871;
Wave[96] = 0.3145751953;
Wave[97] = -0.0216369629;
Wave[98] = -0.4956054688;
Wave[99] = -0.4017028809;
Wave[100] = -0.0926513672;
Wave[101] = -0.4350891113;
Wave[102] = -0.0325317383;
Wave[103] = 0.4599304199;
Wave[104] = 0.1860961914;
Wave[105] = -0.2197265625;
Wave[106] = -0.3607788086;
Wave[107] = -0.033203125;
Wave[108] = -0.2309875488;
Wave[109] = 0.1429748535;
Wave[110] = 0.5949707031;
Wave[111] = 0.3749389648;
Wave[112] = 0.089050293;
Wave[113] = -0.2911071777;
Wave[114] = 0.0510559082;
Wave[115] = -0.086730957;
Wave[116] = 0.3003540039;
Wave[117] = 0.708770752;
Wave[118] = 0.4553833008;
Wave[119] = 0.4357910156;
Wave[120] = -0.2366638184;
Wave[121] = 0.0791931152;
Wave[122] = 0.0442810059;
Wave[123] = 0.4656677246;
Wave[124] = 0.7601623535;
Wave[125] = 0.407409668;
Wave[126] = 0.7030639648;
Wave[127] = -0.0157470703;
Selected.WaveTable.set(1, Wave);

?>
