#defaults=no
#cm=OSC
Wave=2
<?

float Wave[128];
Wave[0] = 0.0229187012;
Wave[1] = -0.0093994141;
Wave[2] = -0.0436096191;
Wave[3] = -0.0780944824;
Wave[4] = -0.1106872559;
Wave[5] = -0.1390075684;
Wave[6] = -0.1654968262;
Wave[7] = -0.192565918;
Wave[8] = -0.2213745117;
Wave[9] = -0.2474365234;
Wave[10] = -0.2661437988;
Wave[11] = -0.2787475586;
Wave[12] = -0.2877197266;
Wave[13] = -0.2934875488;
Wave[14] = -0.2991027832;
Wave[15] = -0.3023681641;
Wave[16] = -0.3031921387;
Wave[17] = -0.3028869629;
Wave[18] = -0.3026428223;
Wave[19] = -0.3153991699;
Wave[20] = -0.3116149902;
Wave[21] = -0.3017272949;
Wave[22] = -0.2839050293;
Wave[23] = -0.2604675293;
Wave[24] = -0.2377929688;
Wave[25] = -0.2151184082;
Wave[26] = -0.191619873;
Wave[27] = -0.1662597656;
Wave[28] = -0.1416931152;
Wave[29] = -0.120513916;
Wave[30] = -0.1060791016;
Wave[31] = -0.0949401855;
Wave[32] = -0.0846252441;
Wave[33] = -0.0746154785;
Wave[34] = -0.0671081543;
Wave[35] = -0.0624084473;
Wave[36] = -0.0588989258;
Wave[37] = -0.0553588867;
Wave[38] = -0.0528259277;
Wave[39] = -0.0531921387;
Wave[40] = -0.0612487793;
Wave[41] = -0.0771789551;
Wave[42] = -0.0965881348;
Wave[43] = -0.1141357422;
Wave[44] = -0.1327514648;
Wave[45] = -0.1584472656;
Wave[46] = -0.1879272461;
Wave[47] = -0.2153015137;
Wave[48] = -0.2367248535;
Wave[49] = -0.2593383789;
Wave[50] = -0.2878417969;
Wave[51] = -0.3193664551;
Wave[52] = -0.3483581543;
Wave[53] = -0.3717651367;
Wave[54] = -0.3955078125;
Wave[55] = -0.4263305664;
Wave[56] = -0.4715576172;
Wave[57] = -0.5228881836;
Wave[58] = -0.564666748;
Wave[59] = -0.5983886719;
Wave[60] = -0.6477661133;
Wave[61] = -0.7149353027;
Wave[62] = -0.7728881836;
Wave[63] = -0.7958984375;
Wave[64] = -0.7991943359;
Wave[65] = -0.811126709;
Wave[66] = -0.8331604004;
Wave[67] = -0.850402832;
Wave[68] = -0.8558349609;
Wave[69] = -0.8570556641;
Wave[70] = -0.8635864258;
Wave[71] = -0.8822631836;
Wave[72] = -0.9191894531;
Wave[73] = -0.9702453613;
Wave[74] = -0.9974975586;
Wave[75] = -0.9341125488;
Wave[76] = -0.6848144531;
Wave[77] = -0.2143554688;
Wave[78] = 0.3334350586;
Wave[79] = 0.6913757324;
Wave[80] = 0.7341918945;
Wave[81] = 0.4790649414;
Wave[82] = 0.0902404785;
Wave[83] = -0.196105957;
Wave[84] = -0.2444152832;
Wave[85] = -0.0902099609;
Wave[86] = 0.1366577148;
Wave[87] = 0.3028259277;
Wave[88] = 0.3657531738;
Wave[89] = 0.3664550781;
Wave[90] = 0.3829956055;
Wave[91] = 0.4661560059;
Wave[92] = 0.6074829102;
Wave[93] = 0.7548828125;
Wave[94] = 0.8618469238;
Wave[95] = 0.9122009277;
Wave[96] = 0.9194335938;
Wave[97] = 0.9133300781;
Wave[98] = 0.9075927734;
Wave[99] = 0.9042358398;
Wave[100] = 0.8964233398;
Wave[101] = 0.885559082;
Wave[102] = 0.8747558594;
Wave[103] = 0.8628845215;
Wave[104] = 0.8460998535;
Wave[105] = 0.8248901367;
Wave[106] = 0.8043823242;
Wave[107] = 0.7877807617;
Wave[108] = 0.7749633789;
Wave[109] = 0.7615356445;
Wave[110] = 0.7417297363;
Wave[111] = 0.7159729004;
Wave[112] = 0.6895751953;
Wave[113] = 0.6624145508;
Wave[114] = 0.6337585449;
Wave[115] = 0.6010437012;
Wave[116] = 0.5623474121;
Wave[117] = 0.5238037109;
Wave[118] = 0.4862060547;
Wave[119] = 0.4476318359;
Wave[120] = 0.4047546387;
Wave[121] = 0.3569641113;
Wave[122] = 0.3067932129;
Wave[123] = 0.2584533691;
Wave[124] = 0.2116394043;
Wave[125] = 0.166015625;
Wave[126] = 0.1204223633;
Wave[127] = 0.0405273438;
Selected.WaveTable.set(1, Wave);

?>
