#defaults=no
#cm=OSC
Wave=2
<?

float Wave[128];
Wave[0] = 0.0631103516;
Wave[1] = -0.0001525879;
Wave[2] = -0.0596008301;
Wave[3] = -0.1402282715;
Wave[4] = -0.0788879395;
Wave[5] = -0.0759887695;
Wave[6] = -0.2653198242;
Wave[7] = -0.7973937988;
Wave[8] = -0.6965637207;
Wave[9] = -0.7931518555;
Wave[10] = -0.7595825195;
Wave[11] = -0.7031860352;
Wave[12] = -0.8348693848;
Wave[13] = -0.819732666;
Wave[14] = -0.5433959961;
Wave[15] = -0.5289306641;
Wave[16] = -0.6248168945;
Wave[17] = -0.4647827148;
Wave[18] = 0.1148071289;
Wave[19] = 0.1452026367;
Wave[20] = 0.0367431641;
Wave[21] = 0.1932067871;
Wave[22] = 0.0827026367;
Wave[23] = 0.090423584;
Wave[24] = 0.2732849121;
Wave[25] = 0.0240783691;
Wave[26] = -0.289276123;
Wave[27] = -0.1093139648;
Wave[28] = 0.189666748;
Wave[29] = 0.0322265625;
Wave[30] = -0.0947265625;
Wave[31] = 0.0301208496;
Wave[32] = -0.0594787598;
Wave[33] = -0.2196655273;
Wave[34] = -0.0672607422;
Wave[35] = -0.1122131348;
Wave[36] = 0.0518798828;
Wave[37] = 0.772857666;
Wave[38] = 0.9784851074;
Wave[39] = 0.9291687012;
Wave[40] = 0.8269348145;
Wave[41] = 0.9457397461;
Wave[42] = 0.9216003418;
Wave[43] = 0.8095092773;
Wave[44] = 0.8729553223;
Wave[45] = 0.8852233887;
Wave[46] = 0.7645263672;
Wave[47] = 0.743560791;
Wave[48] = -0.0146789551;
Wave[49] = -0.4602966309;
Wave[50] = -0.738861084;
Wave[51] = -0.8134460449;
Wave[52] = -0.8028869629;
Wave[53] = -0.6648864746;
Wave[54] = -0.5016479492;
Wave[55] = -0.4677124023;
Wave[56] = -0.4346008301;
Wave[57] = -0.4923400879;
Wave[58] = -0.6017150879;
Wave[59] = -0.4150695801;
Wave[60] = 0.0997924805;
Wave[61] = 0.1378479004;
Wave[62] = 0.2483215332;
Wave[63] = 0.2147521973;
Wave[64] = 0.0960388184;
Wave[65] = 0.1484985352;
Wave[66] = 0.1064758301;
Wave[67] = 0.0469360352;
Wave[68] = 0.1496887207;
Wave[69] = 0.2547912598;
Wave[70] = 0.2846984863;
Wave[71] = -0.242767334;
Wave[72] = -0.1364746094;
Wave[73] = -0.1067810059;
Wave[74] = -0.1048583984;
Wave[75] = 0.0043640137;
Wave[76] = -0.0628662109;
Wave[77] = -0.1611938477;
Wave[78] = 0.0533752441;
Wave[79] = 0.2870788574;
Wave[80] = 0.2061157227;
Wave[81] = 0.2961120605;
Wave[82] = 0.7445983887;
Wave[83] = 0.9228820801;
Wave[84] = 0.7576904297;
Wave[85] = 0.870880127;
Wave[86] = 0.8135375977;
Wave[87] = 0.6751403809;
Wave[88] = 0.8141174316;
Wave[89] = 0.6492614746;
Wave[90] = 0.133026123;
Wave[91] = 0.1170349121;
Wave[92] = 0.3312988281;
Wave[93] = 0.1579284668;
Wave[94] = -0.1805725098;
Wave[95] = -0.1129150391;
Wave[96] = -0.1094055176;
Wave[97] = -0.352935791;
Wave[98] = -0.3486328125;
Wave[99] = -0.3984375;
Wave[100] = -0.4580688477;
Wave[101] = 0.166015625;
Wave[102] = 0.4480895996;
Wave[103] = 0.5666809082;
Wave[104] = 0.5152282715;
Wave[105] = 0.6665039062;
Wave[106] = 0.5441589355;
Wave[107] = 0.217956543;
Wave[108] = 0.1019897461;
Wave[109] = 0.0312805176;
Wave[110] = -0.0999450684;
Wave[111] = -0.0168762207;
Wave[112] = -0.2646179199;
Wave[113] = -0.4700317383;
Wave[114] = -0.3883056641;
Wave[115] = -0.3538208008;
Wave[116] = -0.3818359375;
Wave[117] = -0.4552612305;
Wave[118] = -0.669921875;
Wave[119] = -0.8534240723;
Wave[120] = -0.9355773926;
Wave[121] = -0.912322998;
Wave[122] = -0.7474975586;
Wave[123] = -0.4489746094;
Wave[124] = 0.3821105957;
Wave[125] = 0.4272460938;
Wave[126] = 0.4937744141;
Wave[127] = 0.1883850098;
Selected.WaveTable.set(1, Wave);

?>
