#defaults=no
#cm=OSC
Wave=2
<?

float Wave[128];
Wave[0] = -0.6353149414;
Wave[1] = -0.535949707;
Wave[2] = -0.2141113281;
Wave[3] = 0.0547790527;
Wave[4] = 0.0041503906;
Wave[5] = -0.1597290039;
Wave[6] = -0.2311096191;
Wave[7] = -0.2529602051;
Wave[8] = -0.4112243652;
Wave[9] = -0.6607666016;
Wave[10] = -0.7174987793;
Wave[11] = -0.5986022949;
Wave[12] = -0.5123901367;
Wave[13] = -0.5295715332;
Wave[14] = -0.5848693848;
Wave[15] = -0.61328125;
Wave[16] = -0.6026000977;
Wave[17] = -0.5709838867;
Wave[18] = -0.5271606445;
Wave[19] = -0.4725952148;
Wave[20] = -0.4393920898;
Wave[21] = -0.4025878906;
Wave[22] = -0.1107177734;
Wave[23] = 0.2764282227;
Wave[24] = 0.284362793;
Wave[25] = 0.0985107422;
Wave[26] = 0.0384521484;
Wave[27] = 0.1050415039;
Wave[28] = 0.1743164062;
Wave[29] = 0.202331543;
Wave[30] = 0.2110595703;
Wave[31] = 0.227142334;
Wave[32] = 0.266418457;
Wave[33] = 0.3235168457;
Wave[34] = 0.4020690918;
Wave[35] = 0.5790710449;
Wave[36] = 0.8807678223;
Wave[37] = 0.9730224609;
Wave[38] = 0.9168395996;
Wave[39] = 0.9055786133;
Wave[40] = 0.9340820312;
Wave[41] = 0.9572753906;
Wave[42] = 0.9634094238;
Wave[43] = 0.9681396484;
Wave[44] = 0.9745178223;
Wave[45] = 0.9850769043;
Wave[46] = 0.9884338379;
Wave[47] = 0.9825134277;
Wave[48] = 0.9699401855;
Wave[49] = 0.9598083496;
Wave[50] = 0.9482421875;
Wave[51] = 0.9360656738;
Wave[52] = 0.9190673828;
Wave[53] = 0.897644043;
Wave[54] = 0.8703918457;
Wave[55] = 0.8400878906;
Wave[56] = 0.8075866699;
Wave[57] = 0.7774047852;
Wave[58] = 0.750579834;
Wave[59] = 0.7289123535;
Wave[60] = 0.7112426758;
Wave[61] = 0.6973571777;
Wave[62] = 0.6813049316;
Wave[63] = 0.6617431641;
Wave[64] = 0.637878418;
Wave[65] = 0.5858459473;
Wave[66] = 0.3563537598;
Wave[67] = 0.0096435547;
Wave[68] = -0.0911865234;
Wave[69] = 0.0214233398;
Wave[70] = 0.0904846191;
Wave[71] = 0.0377807617;
Wave[72] = -0.0535888672;
Wave[73] = -0.1112365723;
Wave[74] = -0.1390380859;
Wave[75] = -0.1656188965;
Wave[76] = -0.2009277344;
Wave[77] = -0.2402648926;
Wave[78] = -0.2731018066;
Wave[79] = -0.3014526367;
Wave[80] = -0.331817627;
Wave[81] = -0.3638000488;
Wave[82] = -0.395690918;
Wave[83] = -0.4222412109;
Wave[84] = -0.439666748;
Wave[85] = -0.4498596191;
Wave[86] = -0.4511413574;
Wave[87] = -0.4452514648;
Wave[88] = -0.4354858398;
Wave[89] = -0.4251403809;
Wave[90] = -0.4204101562;
Wave[91] = -0.4211730957;
Wave[92] = -0.4282531738;
Wave[93] = -0.4399719238;
Wave[94] = -0.455291748;
Wave[95] = -0.4702758789;
Wave[96] = -0.4810180664;
Wave[97] = -0.4849243164;
Wave[98] = -0.4829406738;
Wave[99] = -0.4774475098;
Wave[100] = -0.471862793;
Wave[101] = -0.4674987793;
Wave[102] = -0.464263916;
Wave[103] = -0.4606628418;
Wave[104] = -0.459197998;
Wave[105] = -0.4609375;
Wave[106] = -0.4627685547;
Wave[107] = -0.464050293;
Wave[108] = -0.4622497559;
Wave[109] = -0.4594726562;
Wave[110] = -0.4553833008;
Wave[111] = -0.4511413574;
Wave[112] = -0.4427185059;
Wave[113] = -0.433380127;
Wave[114] = -0.421081543;
Wave[115] = -0.4035339355;
Wave[116] = -0.3862915039;
Wave[117] = -0.3704528809;
Wave[118] = -0.3602600098;
Wave[119] = -0.3518676758;
Wave[120] = -0.3413085938;
Wave[121] = -0.3310852051;
Wave[122] = -0.3178710938;
Wave[123] = -0.2915039062;
Wave[124] = -0.2475585938;
Wave[125] = -0.0919189453;
Wave[126] = 0.0963745117;
Wave[127] = -0.4544372559;
Selected.WaveTable.set(1, Wave);

?>
