#defaults=no
#cm=OSC
Wave=2
<?

float Wave[128];
Wave[0] = -0.2811584473;
Wave[1] = -0.341583252;
Wave[2] = -0.3876342773;
Wave[3] = -0.3659973145;
Wave[4] = -0.2727661133;
Wave[5] = -0.1851806641;
Wave[6] = -0.0686340332;
Wave[7] = 0.1412353516;
Wave[8] = 0.4071350098;
Wave[9] = 0.6552734375;
Wave[10] = 0.8221130371;
Wave[11] = 0.8479614258;
Wave[12] = 0.7946472168;
Wave[13] = 0.7414550781;
Wave[14] = 0.7372131348;
Wave[15] = 0.6984558105;
Wave[16] = 0.5647583008;
Wave[17] = 0.4167175293;
Wave[18] = 0.3336791992;
Wave[19] = 0.2651672363;
Wave[20] = 0.1990966797;
Wave[21] = 0.0914916992;
Wave[22] = -0.0252075195;
Wave[23] = -0.0309753418;
Wave[24] = 0.1244812012;
Wave[25] = 0.3143310547;
Wave[26] = 0.40234375;
Wave[27] = 0.3634033203;
Wave[28] = 0.3276367188;
Wave[29] = 0.3200378418;
Wave[30] = 0.2972106934;
Wave[31] = 0.2588195801;
Wave[32] = 0.1860351562;
Wave[33] = 0.160949707;
Wave[34] = 0.2844543457;
Wave[35] = 0.4557495117;
Wave[36] = 0.5372009277;
Wave[37] = 0.4906311035;
Wave[38] = 0.4313964844;
Wave[39] = 0.4609375;
Wave[40] = 0.5586242676;
Wave[41] = 0.6627502441;
Wave[42] = 0.7527160645;
Wave[43] = 0.7944030762;
Wave[44] = 0.8640136719;
Wave[45] = 0.9676513672;
Wave[46] = 0.9663391113;
Wave[47] = 0.8356933594;
Wave[48] = 0.6595458984;
Wave[49] = 0.5181274414;
Wave[50] = 0.4494934082;
Wave[51] = 0.4023132324;
Wave[52] = 0.3453674316;
Wave[53] = 0.254486084;
Wave[54] = 0.1418762207;
Wave[55] = 0.0895080566;
Wave[56] = 0.0747680664;
Wave[57] = 0.0098876953;
Wave[58] = -0.0685424805;
Wave[59] = -0.1233215332;
Wave[60] = -0.167755127;
Wave[61] = -0.1782226562;
Wave[62] = -0.1810302734;
Wave[63] = -0.2049865723;
Wave[64] = -0.2653198242;
Wave[65] = -0.3177185059;
Wave[66] = -0.3030090332;
Wave[67] = -0.2621765137;
Wave[68] = -0.2560424805;
Wave[69] = -0.2596435547;
Wave[70] = -0.2952880859;
Wave[71] = -0.3265075684;
Wave[72] = -0.2688598633;
Wave[73] = -0.1713562012;
Wave[74] = -0.1063537598;
Wave[75] = -0.0948486328;
Wave[76] = -0.0887145996;
Wave[77] = -0.0771484375;
Wave[78] = -0.0563049316;
Wave[79] = -0.1008605957;
Wave[80] = -0.209564209;
Wave[81] = -0.3764343262;
Wave[82] = -0.5155029297;
Wave[83] = -0.5030822754;
Wave[84] = -0.4027404785;
Wave[85] = -0.3673400879;
Wave[86] = -0.4078674316;
Wave[87] = -0.4707641602;
Wave[88] = -0.4992980957;
Wave[89] = -0.5128173828;
Wave[90] = -0.5831604004;
Wave[91] = -0.6897888184;
Wave[92] = -0.7976989746;
Wave[93] = -0.7555236816;
Wave[94] = -0.5461120605;
Wave[95] = -0.427947998;
Wave[96] = -0.5059814453;
Wave[97] = -0.5927429199;
Wave[98] = -0.6198425293;
Wave[99] = -0.5862731934;
Wave[100] = -0.5194702148;
Wave[101] = -0.479888916;
Wave[102] = -0.4216918945;
Wave[103] = -0.2827148438;
Wave[104] = -0.0795593262;
Wave[105] = 0.0882873535;
Wave[106] = 0.0715637207;
Wave[107] = -0.0354309082;
Wave[108] = -0.1064758301;
Wave[109] = -0.1399841309;
Wave[110] = -0.1426696777;
Wave[111] = -0.149810791;
Wave[112] = -0.214050293;
Wave[113] = -0.2724304199;
Wave[114] = -0.2821350098;
Wave[115] = -0.2643432617;
Wave[116] = -0.2831726074;
Wave[117] = -0.3485107422;
Wave[118] = -0.3752441406;
Wave[119] = -0.3319702148;
Wave[120] = -0.2705383301;
Wave[121] = -0.1812744141;
Wave[122] = -0.130859375;
Wave[123] = -0.1523742676;
Wave[124] = -0.1814880371;
Wave[125] = -0.1796875;
Wave[126] = -0.1793823242;
Wave[127] = -0.2660827637;
Selected.WaveTable.set(1, Wave);

?>
