#defaults=no
#cm=OSC
Wave=2
<?

float Wave[128];
Wave[0] = -0.5546875;
Wave[1] = -0.623046875;
Wave[2] = -0.6751708984;
Wave[3] = -0.5305480957;
Wave[4] = -0.3380737305;
Wave[5] = -0.412109375;
Wave[6] = -0.3661499023;
Wave[7] = -0.0849304199;
Wave[8] = 0.1149902344;
Wave[9] = -0.152557373;
Wave[10] = -0.2157897949;
Wave[11] = -0.2185058594;
Wave[12] = -0.3128967285;
Wave[13] = 0.1714782715;
Wave[14] = 0.0352172852;
Wave[15] = 0.0588989258;
Wave[16] = -0.0014648438;
Wave[17] = 0.0302734375;
Wave[18] = 0.0256652832;
Wave[19] = -0.3121948242;
Wave[20] = -0.7521362305;
Wave[21] = -0.711517334;
Wave[22] = -0.6705627441;
Wave[23] = -0.7337646484;
Wave[24] = -0.6542358398;
Wave[25] = -0.5280761719;
Wave[26] = -0.1954650879;
Wave[27] = -0.2980651855;
Wave[28] = -0.2439575195;
Wave[29] = -0.1987609863;
Wave[30] = -0.3525390625;
Wave[31] = -0.2241516113;
Wave[32] = -0.2754516602;
Wave[33] = 0.1723632812;
Wave[34] = 0.2112121582;
Wave[35] = 0.2566833496;
Wave[36] = 0.2350463867;
Wave[37] = 0.2572021484;
Wave[38] = 0.4776306152;
Wave[39] = -0.0330810547;
Wave[40] = -0.0462646484;
Wave[41] = 0.0034484863;
Wave[42] = 0.3851013184;
Wave[43] = 0.6022644043;
Wave[44] = 0.2122192383;
Wave[45] = 0.0703125;
Wave[46] = 0.2492675781;
Wave[47] = 0.2731323242;
Wave[48] = -0.1135253906;
Wave[49] = -0.2066040039;
Wave[50] = -0.1307983398;
Wave[51] = 0.3540039062;
Wave[52] = 0.3994140625;
Wave[53] = 0.135559082;
Wave[54] = 0.2353210449;
Wave[55] = 0.2738647461;
Wave[56] = 0.1560668945;
Wave[57] = -0.0178527832;
Wave[58] = 0.2199401855;
Wave[59] = 0.3488769531;
Wave[60] = 0.4808654785;
Wave[61] = 0.6829528809;
Wave[62] = 0.5489807129;
Wave[63] = 0.7909851074;
Wave[64] = 0.0099487305;
Wave[65] = -0.2454528809;
Wave[66] = -0.0388183594;
Wave[67] = -0.2126159668;
Wave[68] = -0.1770324707;
Wave[69] = -0.0848388672;
Wave[70] = 0.4051208496;
Wave[71] = 0.9337158203;
Wave[72] = 0.8174133301;
Wave[73] = 0.7049255371;
Wave[74] = 0.652923584;
Wave[75] = 0.6678466797;
Wave[76] = 0.3779907227;
Wave[77] = 0.6469421387;
Wave[78] = 0.7301940918;
Wave[79] = 0.7396850586;
Wave[80] = 0.7399291992;
Wave[81] = 0.7124633789;
Wave[82] = 0.7034606934;
Wave[83] = 0.3286132812;
Wave[84] = -0.2278747559;
Wave[85] = -0.2946472168;
Wave[86] = -0.2354431152;
Wave[87] = -0.1273498535;
Wave[88] = -0.1201171875;
Wave[89] = -0.0245056152;
Wave[90] = -0.0762939453;
Wave[91] = -0.2020568848;
Wave[92] = -0.2625732422;
Wave[93] = -0.2927246094;
Wave[94] = -0.3996887207;
Wave[95] = -0.4270629883;
Wave[96] = -0.0041809082;
Wave[97] = 0.6756286621;
Wave[98] = 0.5372924805;
Wave[99] = 0.6939086914;
Wave[100] = 0.6697387695;
Wave[101] = 0.6426696777;
Wave[102] = 0.393737793;
Wave[103] = -0.4616394043;
Wave[104] = 0.0494689941;
Wave[105] = 0.0333862305;
Wave[106] = -0.2325134277;
Wave[107] = -0.0991210938;
Wave[108] = 0.0348510742;
Wave[109] = 0.4535827637;
Wave[110] = -0.4843444824;
Wave[111] = -0.5601501465;
Wave[112] = -0.6600952148;
Wave[113] = -0.3568115234;
Wave[114] = -0.5670471191;
Wave[115] = -0.7867431641;
Wave[116] = 0.3526000977;
Wave[117] = 0.3228759766;
Wave[118] = 0.3174743652;
Wave[119] = 0.0628662109;
Wave[120] = -0.2437744141;
Wave[121] = 0.0210876465;
Wave[122] = -0.8460693359;
Wave[123] = -0.7337036133;
Wave[124] = -0.6980895996;
Wave[125] = -0.4618225098;
Wave[126] = -0.541809082;
Wave[127] = -0.4234313965;
Selected.WaveTable.set(1, Wave);

?>
