#defaults=no
#cm=OSC
Wave=2
<?

float Wave[128];
Wave[0] = 0.3194885254;
Wave[1] = 0.3580627441;
Wave[2] = 0.352722168;
Wave[3] = 0.3063964844;
Wave[4] = 0.2296142578;
Wave[5] = 0.1408691406;
Wave[6] = 0.0556030273;
Wave[7] = -0.0145568848;
Wave[8] = -0.064453125;
Wave[9] = -0.0872802734;
Wave[10] = -0.0768127441;
Wave[11] = -0.0355834961;
Wave[12] = 0.0256347656;
Wave[13] = 0.0946655273;
Wave[14] = 0.158782959;
Wave[15] = 0.2092590332;
Wave[16] = 0.2389831543;
Wave[17] = 0.2474975586;
Wave[18] = 0.2327575684;
Wave[19] = 0.1907348633;
Wave[20] = 0.1157836914;
Wave[21] = 0.0140991211;
Wave[22] = -0.0989379883;
Wave[23] = -0.1991577148;
Wave[24] = -0.2688293457;
Wave[25] = -0.2996520996;
Wave[26] = -0.2955627441;
Wave[27] = -0.2670898438;
Wave[28] = -0.2264099121;
Wave[29] = -0.1807556152;
Wave[30] = -0.133605957;
Wave[31] = -0.0867614746;
Wave[32] = -0.0465087891;
Wave[33] = -0.0162658691;
Wave[34] = 0;
Wave[35] = 0.0028381348;
Wave[36] = -0.0030212402;
Wave[37] = -0.0079956055;
Wave[38] = -0.0036315918;
Wave[39] = 0.0183410645;
Wave[40] = 0.0632324219;
Wave[41] = 0.1325073242;
Wave[42] = 0.2213745117;
Wave[43] = 0.3216552734;
Wave[44] = 0.418548584;
Wave[45] = 0.499206543;
Wave[46] = 0.5570983887;
Wave[47] = 0.5892028809;
Wave[48] = 0.5971069336;
Wave[49] = 0.5816345215;
Wave[50] = 0.5423583984;
Wave[51] = 0.4774169922;
Wave[52] = 0.3936462402;
Wave[53] = 0.3042297363;
Wave[54] = 0.2273864746;
Wave[55] = 0.1787719727;
Wave[56] = 0.167755127;
Wave[57] = 0.194732666;
Wave[58] = 0.2550354004;
Wave[59] = 0.3387145996;
Wave[60] = 0.4323425293;
Wave[61] = 0.5210266113;
Wave[62] = 0.5888671875;
Wave[63] = 0.619354248;
Wave[64] = 0.6060791016;
Wave[65] = 0.548248291;
Wave[66] = 0.4522094727;
Wave[67] = 0.3258056641;
Wave[68] = 0.1753845215;
Wave[69] = 0.0146484375;
Wave[70] = -0.1369628906;
Wave[71] = -0.2568969727;
Wave[72] = -0.339050293;
Wave[73] = -0.3764343262;
Wave[74] = -0.375213623;
Wave[75] = -0.3361206055;
Wave[76] = -0.2668762207;
Wave[77] = -0.1777038574;
Wave[78] = -0.0810546875;
Wave[79] = 0.0120239258;
Wave[80] = 0.0911865234;
Wave[81] = 0.1517333984;
Wave[82] = 0.1943359375;
Wave[83] = 0.2170410156;
Wave[84] = 0.2159118652;
Wave[85] = 0.1903991699;
Wave[86] = 0.1471252441;
Wave[87] = 0.0999450684;
Wave[88] = 0.0645141602;
Wave[89] = 0.0514526367;
Wave[90] = 0.064453125;
Wave[91] = 0.1012268066;
Wave[92] = 0.1539001465;
Wave[93] = 0.2098999023;
Wave[94] = 0.2568054199;
Wave[95] = 0.2833251953;
Wave[96] = 0.2854309082;
Wave[97] = 0.2650146484;
Wave[98] = 0.2253417969;
Wave[99] = 0.1656799316;
Wave[100] = 0.082244873;
Wave[101] = -0.017578125;
Wave[102] = -0.123840332;
Wave[103] = -0.2215576172;
Wave[104] = -0.2944641113;
Wave[105] = -0.3370056152;
Wave[106] = -0.3582763672;
Wave[107] = -0.3720703125;
Wave[108] = -0.3935546875;
Wave[109] = -0.4260253906;
Wave[110] = -0.4655456543;
Wave[111] = -0.5056762695;
Wave[112] = -0.547454834;
Wave[113] = -0.5994873047;
Wave[114] = -0.6683654785;
Wave[115] = -0.7501831055;
Wave[116] = -0.8364257812;
Wave[117] = -0.9124755859;
Wave[118] = -0.9642333984;
Wave[119] = -0.9817504883;
Wave[120] = -0.9536437988;
Wave[121] = -0.8718261719;
Wave[122] = -0.7362976074;
Wave[123] = -0.5560913086;
Wave[124] = -0.3472290039;
Wave[125] = -0.1343688965;
Wave[126] = 0.0521850586;
Wave[127] = 0.2978820801;
Selected.WaveTable.set(1, Wave);

?>
