#defaults=no
#cm=OSC
Wave=2
<?

float Wave[128];
Wave[0] = 0.1513366699;
Wave[1] = 0.1394348145;
Wave[2] = 0.1548461914;
Wave[3] = 0.1328735352;
Wave[4] = 0.0461730957;
Wave[5] = -0.0759887695;
Wave[6] = -0.1464538574;
Wave[7] = -0.1273498535;
Wave[8] = -0.0280761719;
Wave[9] = 0.0708312988;
Wave[10] = 0.1020507812;
Wave[11] = 0.0525817871;
Wave[12] = -0.0223999023;
Wave[13] = -0.0513305664;
Wave[14] = -0.0142822266;
Wave[15] = 0.0463562012;
Wave[16] = 0.0519714355;
Wave[17] = -0.029083252;
Wave[18] = -0.1695556641;
Wave[19] = -0.2921447754;
Wave[20] = -0.3478088379;
Wave[21] = -0.3444519043;
Wave[22] = -0.3436584473;
Wave[23] = -0.396270752;
Wave[24] = -0.5018310547;
Wave[25] = -0.6053466797;
Wave[26] = -0.6466674805;
Wave[27] = -0.6270751953;
Wave[28] = -0.5948791504;
Wave[29] = -0.6227416992;
Wave[30] = -0.7190856934;
Wave[31] = -0.8397521973;
Wave[32] = -0.9028625488;
Wave[33] = -0.8769226074;
Wave[34] = -0.7891540527;
Wave[35] = -0.7192687988;
Wave[36] = -0.725402832;
Wave[37] = -0.7940063477;
Wave[38] = -0.856262207;
Wave[39] = -0.8448791504;
Wave[40] = -0.7618713379;
Wave[41] = -0.657409668;
Wave[42] = -0.6008911133;
Wave[43] = -0.6053466797;
Wave[44] = -0.6252746582;
Wave[45] = -0.5862731934;
Wave[46] = -0.4757995605;
Wave[47] = -0.3576660156;
Wave[48] = -0.3282775879;
Wave[49] = -0.4216308594;
Wave[50] = -0.5687866211;
Wave[51] = -0.6647033691;
Wave[52] = -0.6297607422;
Wave[53] = -0.5006713867;
Wave[54] = -0.3627319336;
Wave[55] = -0.3115539551;
Wave[56] = -0.3587341309;
Wave[57] = -0.4430541992;
Wave[58] = -0.4836120605;
Wave[59] = -0.4456787109;
Wave[60] = -0.3740539551;
Wave[61] = -0.3434143066;
Wave[62] = -0.403717041;
Wave[63] = -0.516784668;
Wave[64] = -0.6096191406;
Wave[65] = -0.611907959;
Wave[66] = -0.5360107422;
Wave[67] = -0.4416503906;
Wave[68] = -0.3852539062;
Wave[69] = -0.3616333008;
Wave[70] = -0.3078613281;
Wave[71] = -0.1490783691;
Wave[72] = 0.137878418;
Wave[73] = 0.4623413086;
Wave[74] = 0.6694641113;
Wave[75] = 0.6258239746;
Wave[76] = 0.4301452637;
Wave[77] = 0.2354736328;
Wave[78] = 0.1954956055;
Wave[79] = 0.2956542969;
Wave[80] = 0.4356994629;
Wave[81] = 0.5014038086;
Wave[82] = 0.4656677246;
Wave[83] = 0.3932495117;
Wave[84] = 0.3682556152;
Wave[85] = 0.4295043945;
Wave[86] = 0.5267333984;
Wave[87] = 0.5737609863;
Wave[88] = 0.5501403809;
Wave[89] = 0.5100097656;
Wave[90] = 0.5186462402;
Wave[91] = 0.5886535645;
Wave[92] = 0.6676635742;
Wave[93] = 0.6749572754;
Wave[94] = 0.5967102051;
Wave[95] = 0.467590332;
Wave[96] = 0.3696594238;
Wave[97] = 0.3479919434;
Wave[98] = 0.3844299316;
Wave[99] = 0.4219055176;
Wave[100] = 0.4169921875;
Wave[101] = 0.3814697266;
Wave[102] = 0.3771362305;
Wave[103] = 0.4588317871;
Wave[104] = 0.6140136719;
Wave[105] = 0.7908630371;
Wave[106] = 0.9175109863;
Wave[107] = 0.9786987305;
Wave[108] = 0.9962158203;
Wave[109] = 0.9979248047;
Wave[110] = 0.9959106445;
Wave[111] = 0.9702758789;
Wave[112] = 0.8921813965;
Wave[113] = 0.763885498;
Wave[114] = 0.6274108887;
Wave[115] = 0.5427856445;
Wave[116] = 0.5501098633;
Wave[117] = 0.6142883301;
Wave[118] = 0.6690063477;
Wave[119] = 0.6454162598;
Wave[120] = 0.5457763672;
Wave[121] = 0.4267272949;
Wave[122] = 0.3623962402;
Wave[123] = 0.3777160645;
Wave[124] = 0.4273071289;
Wave[125] = 0.4451293945;
Wave[126] = 0.3827514648;
Wave[127] = 0.176361084;
Selected.WaveTable.set(1, Wave);

?>
