#defaults=no
#cm=OSC
Wave=2
<?

float Wave[128];
Wave[0] = -0.171875;
Wave[1] = -0.3147277832;
Wave[2] = -0.2820739746;
Wave[3] = -0.2895202637;
Wave[4] = -0.4102783203;
Wave[5] = -0.4345703125;
Wave[6] = -0.4770507812;
Wave[7] = -0.5260314941;
Wave[8] = -0.2242431641;
Wave[9] = -0.1866455078;
Wave[10] = -0.4071655273;
Wave[11] = -0.4494018555;
Wave[12] = -0.5555725098;
Wave[13] = -0.5679016113;
Wave[14] = -0.5045471191;
Wave[15] = -0.5959472656;
Wave[16] = -0.7049255371;
Wave[17] = -0.6033935547;
Wave[18] = -0.5674438477;
Wave[19] = -0.6451721191;
Wave[20] = -0.5942077637;
Wave[21] = -0.6637878418;
Wave[22] = -0.7297973633;
Wave[23] = -0.4567565918;
Wave[24] = -0.3067626953;
Wave[25] = -0.3135681152;
Wave[26] = -0.3174743652;
Wave[27] = -0.3975524902;
Wave[28] = -0.3549194336;
Wave[29] = -0.2710266113;
Wave[30] = -0.3407287598;
Wave[31] = -0.4145812988;
Wave[32] = -0.4006347656;
Wave[33] = -0.3416442871;
Wave[34] = -0.2883911133;
Wave[35] = -0.3167114258;
Wave[36] = -0.4362182617;
Wave[37] = -0.4953918457;
Wave[38] = -0.4413452148;
Wave[39] = -0.2807312012;
Wave[40] = -0.1627807617;
Wave[41] = -0.1693115234;
Wave[42] = -0.1680603027;
Wave[43] = -0.1255187988;
Wave[44] = -0.1283874512;
Wave[45] = -0.1130065918;
Wave[46] = -0.2077026367;
Wave[47] = -0.344909668;
Wave[48] = -0.2612915039;
Wave[49] = -0.1844482422;
Wave[50] = -0.1621398926;
Wave[51] = -0.0966491699;
Wave[52] = -0.1443481445;
Wave[53] = -0.1510620117;
Wave[54] = -0.0526733398;
Wave[55] = -0.0918579102;
Wave[56] = -0.191986084;
Wave[57] = -0.1765136719;
Wave[58] = -0.135925293;
Wave[59] = -0.0561828613;
Wave[60] = 0.1121826172;
Wave[61] = 0.0805664062;
Wave[62] = 0.0259399414;
Wave[63] = 0.1446228027;
Wave[64] = 0.1758117676;
Wave[65] = 0.1882629395;
Wave[66] = 0.1832580566;
Wave[67] = 0.033782959;
Wave[68] = 0.0014648438;
Wave[69] = 0.0526733398;
Wave[70] = 0.0899353027;
Wave[71] = -0.0479736328;
Wave[72] = -0.2405395508;
Wave[73] = -0.3985900879;
Wave[74] = -0.5341796875;
Wave[75] = -0.4568786621;
Wave[76] = -0.5514831543;
Wave[77] = -0.6342468262;
Wave[78] = -0.4841918945;
Wave[79] = -0.1113891602;
Wave[80] = 0.3165893555;
Wave[81] = 0.4328308105;
Wave[82] = 0.4007873535;
Wave[83] = 0.2957763672;
Wave[84] = 0.4107666016;
Wave[85] = 0.4044494629;
Wave[86] = 0.3100585938;
Wave[87] = 0.315826416;
Wave[88] = 0.4136962891;
Wave[89] = 0.495513916;
Wave[90] = 0.479309082;
Wave[91] = 0.4436950684;
Wave[92] = 0.4424438477;
Wave[93] = 0.5454406738;
Wave[94] = 0.6719055176;
Wave[95] = 0.7152404785;
Wave[96] = 0.7657775879;
Wave[97] = 0.7482910156;
Wave[98] = 0.7974853516;
Wave[99] = 0.8920593262;
Wave[100] = 0.9658508301;
Wave[101] = 0.9281921387;
Wave[102] = 0.8497924805;
Wave[103] = 0.8258361816;
Wave[104] = 0.8157043457;
Wave[105] = 0.7682495117;
Wave[106] = 0.7338562012;
Wave[107] = 0.7177124023;
Wave[108] = 0.7539367676;
Wave[109] = 0.7758178711;
Wave[110] = 0.7068481445;
Wave[111] = 0.5120239258;
Wave[112] = 0.365020752;
Wave[113] = 0.2919921875;
Wave[114] = 0.2110900879;
Wave[115] = 0.149017334;
Wave[116] = 0.1665344238;
Wave[117] = 0.1506958008;
Wave[118] = 0.1527709961;
Wave[119] = 0.1788330078;
Wave[120] = 0.1717224121;
Wave[121] = 0.1901855469;
Wave[122] = 0.2356872559;
Wave[123] = 0.135559082;
Wave[124] = -0.0387573242;
Wave[125] = -0.0218200684;
Wave[126] = -0.0555419922;
Wave[127] = -0.0972595215;
Selected.WaveTable.set(1, Wave);

?>
