#defaults=no
#cm=OSC
Wave=2
<?

float Wave[128];
Wave[0] = 0.6390380859;
Wave[1] = 0.9464111328;
Wave[2] = 0.5926208496;
Wave[3] = 0.4939575195;
Wave[4] = 0.5002746582;
Wave[5] = 0.3987731934;
Wave[6] = 0.4757080078;
Wave[7] = 0.6196899414;
Wave[8] = 0.4911804199;
Wave[9] = 0.1648864746;
Wave[10] = 0.1192626953;
Wave[11] = 0.150177002;
Wave[12] = -0.1071472168;
Wave[13] = -0.1913452148;
Wave[14] = -0.1197509766;
Wave[15] = -0.1147155762;
Wave[16] = -0.53515625;
Wave[17] = -0.367401123;
Wave[18] = -0.3017578125;
Wave[19] = -0.1555786133;
Wave[20] = -0.1163330078;
Wave[21] = -0.1511230469;
Wave[22] = 0.0169372559;
Wave[23] = -0.0385131836;
Wave[24] = -0.0936584473;
Wave[25] = -0.0711364746;
Wave[26] = -0.025177002;
Wave[27] = 0.0022277832;
Wave[28] = -0.0368652344;
Wave[29] = -0.1309204102;
Wave[30] = -0.0184631348;
Wave[31] = 0.7819519043;
Wave[32] = 0.0880737305;
Wave[33] = 0.2586364746;
Wave[34] = -0.1113586426;
Wave[35] = 0.011932373;
Wave[36] = -0.0231323242;
Wave[37] = -0.0764770508;
Wave[38] = -0.120880127;
Wave[39] = -0.0814819336;
Wave[40] = -0.0647888184;
Wave[41] = -0.0664978027;
Wave[42] = 0.4483947754;
Wave[43] = 0.0750427246;
Wave[44] = 0.0146484375;
Wave[45] = -0.3320007324;
Wave[46] = -0.0012817383;
Wave[47] = -0.0484619141;
Wave[48] = -0.0517578125;
Wave[49] = -0.0537109375;
Wave[50] = -0.5415649414;
Wave[51] = -0.4083557129;
Wave[52] = -0.4172668457;
Wave[53] = -0.8160095215;
Wave[54] = -0.3949890137;
Wave[55] = -0.3179016113;
Wave[56] = -0.3269042969;
Wave[57] = -0.2385253906;
Wave[58] = -0.1943969727;
Wave[59] = -0.0967102051;
Wave[60] = 0.1999511719;
Wave[61] = 0.0408935547;
Wave[62] = 0.0778503418;
Wave[63] = 0.6776733398;
Wave[64] = 0.1300048828;
Wave[65] = 0.1851806641;
Wave[66] = 0.310760498;
Wave[67] = 0.3635559082;
Wave[68] = 0.3006591797;
Wave[69] = 0.3638000488;
Wave[70] = 0.5416564941;
Wave[71] = 0.2778625488;
Wave[72] = 0.2413330078;
Wave[73] = -0.4147949219;
Wave[74] = -0.0350952148;
Wave[75] = -0.0591430664;
Wave[76] = -0.0106201172;
Wave[77] = -0.0748596191;
Wave[78] = 0.0230407715;
Wave[79] = -0.0062561035;
Wave[80] = -0.1484375;
Wave[81] = 0.1338500977;
Wave[82] = 0.422454834;
Wave[83] = 0.133605957;
Wave[84] = 0.0511779785;
Wave[85] = -0.0813598633;
Wave[86] = -0.0465087891;
Wave[87] = -0.0199890137;
Wave[88] = 0.0258178711;
Wave[89] = 0.1983947754;
Wave[90] = 0.2184753418;
Wave[91] = 0.1497497559;
Wave[92] = -0.1733703613;
Wave[93] = -0.1968383789;
Wave[94] = -0.0531921387;
Wave[95] = -0.4373474121;
Wave[96] = -0.5514831543;
Wave[97] = 0.0287780762;
Wave[98] = -0.6451416016;
Wave[99] = -0.5194702148;
Wave[100] = -0.4515380859;
Wave[101] = -0.5126647949;
Wave[102] = -0.7597961426;
Wave[103] = -0.6851806641;
Wave[104] = -0.4906311035;
Wave[105] = -0.4497375488;
Wave[106] = -0.3600463867;
Wave[107] = 0.1746826172;
Wave[108] = -0.140838623;
Wave[109] = 0.5330505371;
Wave[110] = 0.6323242188;
Wave[111] = 0.3045959473;
Wave[112] = 0.3087463379;
Wave[113] = 0.4030151367;
Wave[114] = 0.4309997559;
Wave[115] = 0.2179870605;
Wave[116] = -0.0678100586;
Wave[117] = -0.1496582031;
Wave[118] = -0.7104797363;
Wave[119] = -0.479675293;
Wave[120] = 0.0935668945;
Wave[121] = 0.1235656738;
Wave[122] = 0.3702087402;
Wave[123] = 0.0481872559;
Wave[124] = 0.0310668945;
Wave[125] = 0.0007324219;
Wave[126] = 0.0594177246;
Wave[127] = 0.994720459;
Selected.WaveTable.set(1, Wave);

?>
