#defaults=no
#cm=OSC
Wave=2
<?

float Wave[128];
Wave[0] = -0.5437011719;
Wave[1] = -0.6033935547;
Wave[2] = -0.7053527832;
Wave[3] = -0.8381347656;
Wave[4] = -0.8893432617;
Wave[5] = -0.8277587891;
Wave[6] = -0.6741943359;
Wave[7] = -0.5272827148;
Wave[8] = -0.439239502;
Wave[9] = -0.4031982422;
Wave[10] = -0.3316345215;
Wave[11] = -0.2045288086;
Wave[12] = -0.0514831543;
Wave[13] = 0.0394897461;
Wave[14] = 0.0453491211;
Wave[15] = 0.001953125;
Wave[16] = -0.0135803223;
Wave[17] = 0.0427246094;
Wave[18] = 0.1237182617;
Wave[19] = 0.1421813965;
Wave[20] = 0.0801086426;
Wave[21] = 0.0031738281;
Wave[22] = -0.0254821777;
Wave[23] = 0.0452575684;
Wave[24] = 0.1153564453;
Wave[25] = 0.2056274414;
Wave[26] = 0.2407226562;
Wave[27] = 0.2366027832;
Wave[28] = 0.2596740723;
Wave[29] = 0.3359680176;
Wave[30] = 0.4089050293;
Wave[31] = 0.4106750488;
Wave[32] = 0.2884216309;
Wave[33] = 0.0811767578;
Wave[34] = -0.0884399414;
Wave[35] = -0.2077026367;
Wave[36] = -0.2442321777;
Wave[37] = -0.2773742676;
Wave[38] = -0.3101196289;
Wave[39] = -0.2912597656;
Wave[40] = -0.1506347656;
Wave[41] = 0.1071777344;
Wave[42] = 0.4345397949;
Wave[43] = 0.6422119141;
Wave[44] = 0.8038330078;
Wave[45] = 0.8910522461;
Wave[46] = 0.9463806152;
Wave[47] = 0.9976806641;
Wave[48] = 0.961517334;
Wave[49] = 0.8074951172;
Wave[50] = 0.537689209;
Wave[51] = 0.2453613281;
Wave[52] = 0.0553894043;
Wave[53] = -0.0302124023;
Wave[54] = -0.0566711426;
Wave[55] = -0.1000366211;
Wave[56] = -0.1773986816;
Wave[57] = -0.1977844238;
Wave[58] = -0.1207580566;
Wave[59] = -0.0492858887;
Wave[60] = -0.0428161621;
Wave[61] = -0.1628417969;
Wave[62] = -0.3202819824;
Wave[63] = -0.4365844727;
Wave[64] = -0.5020446777;
Wave[65] = -0.5554504395;
Wave[66] = -0.647277832;
Wave[67] = -0.7860412598;
Wave[68] = -0.8827819824;
Wave[69] = -0.8587341309;
Wave[70] = -0.7298278809;
Wave[71] = -0.5856018066;
Wave[72] = -0.4805908203;
Wave[73] = -0.4373779297;
Wave[74] = -0.3844299316;
Wave[75] = -0.2730712891;
Wave[76] = -0.1137695312;
Wave[77] = -0.0017700195;
Wave[78] = 0.0318908691;
Wave[79] = -0.0123596191;
Wave[80] = -0.0280456543;
Wave[81] = 0.0174560547;
Wave[82] = 0.1085510254;
Wave[83] = 0.1663208008;
Wave[84] = 0.1275024414;
Wave[85] = 0.0491943359;
Wave[86] = 0.0120544434;
Wave[87] = 0.0531616211;
Wave[88] = 0.1129455566;
Wave[89] = 0.2010498047;
Wave[90] = 0.2411804199;
Wave[91] = 0.2241516113;
Wave[92] = 0.2333984375;
Wave[93] = 0.2987976074;
Wave[94] = 0.3973693848;
Wave[95] = 0.4325561523;
Wave[96] = 0.355682373;
Wave[97] = 0.1890869141;
Wave[98] = -0.0026855469;
Wave[99] = -0.114654541;
Wave[100] = -0.1912841797;
Wave[101] = -0.2333984375;
Wave[102] = -0.2950134277;
Wave[103] = -0.3322753906;
Wave[104] = -0.2630310059;
Wave[105] = -0.0477905273;
Wave[106] = 0.2423400879;
Wave[107] = 0.5271911621;
Wave[108] = 0.6532897949;
Wave[109] = 0.7857971191;
Wave[110] = 0.8757019043;
Wave[111] = 0.9613952637;
Wave[112] = 0.996307373;
Wave[113] = 0.8994445801;
Wave[114] = 0.663848877;
Wave[115] = 0.3887329102;
Wave[116] = 0.1550598145;
Wave[117] = 0.0456848145;
Wave[118] = -0.0163574219;
Wave[119] = -0.068359375;
Wave[120] = -0.1552429199;
Wave[121] = -0.2144165039;
Wave[122] = -0.1607666016;
Wave[123] = -0.063873291;
Wave[124] = -0.0250244141;
Wave[125] = -0.1083679199;
Wave[126] = -0.2662353516;
Wave[127] = -0.5106506348;
Selected.WaveTable.set(1, Wave);

?>
