#defaults=no 
#cm=OSC 
Wave=2 
<? 

float Wave[ 128 ]; 
Wave[0] = 0.0014343262; 
Wave[1] = 0.003815174; 
Wave[2] = 0.002055645; 
Wave[3] = 0.0029574633; 
Wave[4] = 0.0; 
Wave[5] = -0.0052599907; 
Wave[6] = -0.0071282387; 
Wave[7] = -0.0072205067; 
Wave[8] = -0.008432388; 
Wave[9] = -0.007216215; 
Wave[10] = -0.006275654; 
Wave[11] = -0.00709188; 
Wave[12] = -0.015461922; 
Wave[13] = -0.029102564; 
Wave[14] = -0.041845083; 
Wave[15] = -0.058457136; 
Wave[16] = -0.07323837; 
Wave[17] = -0.08230853; 
Wave[18] = -0.08098054; 
Wave[19] = -0.07589507; 
Wave[20] = -0.052984715; 
Wave[21] = -0.01988566; 
Wave[22] = 0.013404608; 
Wave[23] = 0.042514086; 
Wave[24] = 0.06337929; 
Wave[25] = 0.064180374; 
Wave[26] = 0.061445475; 
Wave[27] = 0.069718; 
Wave[28] = 0.09691; 
Wave[29] = 0.11620748; 
Wave[30] = 0.120688915; 
Wave[31] = 0.12481642; 
Wave[32] = 0.11396408; 
Wave[33] = 0.11497104; 
Wave[34] = 0.11166096; 
Wave[35] = 0.091175556; 
Wave[36] = 0.07451296; 
Wave[37] = 0.054210067; 
Wave[38] = 0.028915882; 
Wave[39] = 0.016294718; 
Wave[40] = 0.0014209747; 
Wave[41] = -0.0040100813; 
Wave[42] = -0.012583017; 
Wave[43] = -0.014673948; 
Wave[44] = -0.016417027; 
Wave[45] = -0.016312838; 
Wave[46] = -0.010822535; 
Wave[47] = -0.004168749; 
Wave[48] = 0.0; 
Wave[49] = 0.009702563; 
Wave[50] = 0.021265507; 
Wave[51] = 0.027042389; 
Wave[52] = 0.02940321; 
Wave[53] = 0.029425263; 
Wave[54] = 0.026648283; 
Wave[55] = 0.022905469; 
Wave[56] = 0.01816082; 
Wave[57] = 0.0065128803; 
Wave[58] = 0.0013196468; 
Wave[59] = -0.008933067; 
Wave[60] = -0.011712551; 
Wave[61] = -0.019738197; 
Wave[62] = -0.026086807; 
Wave[63] = -0.030292153; 
Wave[64] = -0.03853607; 
Wave[65] = -0.042283416; 
Wave[66] = -0.050736666; 
Wave[67] = -0.059090614; 
Wave[68] = -0.0638237; 
Wave[69] = -0.06786823; 
Wave[70] = -0.06186652; 
Wave[71] = -0.058588505; 
Wave[72] = -0.054470062; 
Wave[73] = -0.04859996; 
Wave[74] = -0.03691578; 
Wave[75] = -0.03173709; 
Wave[76] = -0.022657394; 
Wave[77] = -0.019753814; 
Wave[78] = -0.010241747; 
Wave[79] = -0.0016015768; 
Wave[80] = 0.00838089; 
Wave[81] = 0.01774633; 
Wave[82] = 0.026744604; 
Wave[83] = 0.028706312; 
Wave[84] = 0.034789562; 
Wave[85] = 0.0355891; 
Wave[86] = 0.039656162; 
Wave[87] = 0.033883214; 
Wave[88] = 0.03032875; 
Wave[89] = 0.02642572; 
Wave[90] = 0.02247858; 
Wave[91] = 0.02155137; 
Wave[92] = 0.011732578; 
Wave[93] = 0.008107424; 
Wave[94] = 0.0031068325; 
Wave[95] = -0.0018395185; 
Wave[96] = -0.008781433; 
Wave[97] = -0.015545964; 
Wave[98] = -0.018311739; 
Wave[99] = -0.022397518; 
Wave[100] = -0.022039413; 
Wave[101] = -0.023014903; 
Wave[102] = -0.021987438; 
Wave[103] = -0.021793842; 
Wave[104] = -0.021544456; 
Wave[105] = -0.024167657; 
Wave[106] = -0.018707752; 
Wave[107] = -0.019174576; 
Wave[108] = -0.02078867; 
Wave[109] = -0.02077651; 
Wave[110] = -0.020333529; 
Wave[111] = -0.018154025; 
Wave[112] = -0.018695831; 
Wave[113] = -0.0196203; 
Wave[114] = -0.023785114; 
Wave[115] = -0.023867488; 
Wave[116] = -0.02456665; 
Wave[117] = -0.021942854; 
Wave[118] = -0.024915218; 
Wave[119] = -0.029131055; 
Wave[120] = -0.02828598; 
Wave[121] = -0.031582832; 
Wave[122] = -0.03023529; 
Wave[123] = -0.028026104; 
Wave[124] = -0.02227354; 
Wave[125] = -0.019390702; 
Wave[126] = -0.011271715; 
Wave[127] = -0.006213546; 
Selected.WaveTable.set( 1 , Wave ); 

?> 
