#defaults=no 
#cm=OSC 
Wave=2 
<? 

float Wave[ 128 ]; 
Wave[0] = 0.0; 
Wave[1] = 0.0051789284; 
Wave[2] = 0.005599022; 
Wave[3] = -0.0010743141; 
Wave[4] = -0.0077610016; 
Wave[5] = -0.011195183; 
Wave[6] = -0.007587433; 
Wave[7] = -0.0039072037; 
Wave[8] = 0.0016899109; 
Wave[9] = 0.008407116; 
Wave[10] = 0.008582115; 
Wave[11] = 0.007599354; 
Wave[12] = -0.00431633; 
Wave[13] = -0.026137352; 
Wave[14] = -0.054139137; 
Wave[15] = -0.086137295; 
Wave[16] = -0.12903595; 
Wave[17] = -0.16620445; 
Wave[18] = -0.19453335; 
Wave[19] = -0.18449736; 
Wave[20] = -0.12392044; 
Wave[21] = -0.03338623; 
Wave[22] = 0.039940834; 
Wave[23] = 0.07267189; 
Wave[24] = 0.05519867; 
Wave[25] = 0.018435478; 
Wave[26] = 0.050079346; 
Wave[27] = 0.14090967; 
Wave[28] = 0.21172333; 
Wave[29] = 0.24634075; 
Wave[30] = 0.23283482; 
Wave[31] = 0.21348047; 
Wave[32] = 0.20231628; 
Wave[33] = 0.23076963; 
Wave[34] = 0.22926998; 
Wave[35] = 0.23800898; 
Wave[36] = 0.22082138; 
Wave[37] = 0.16943693; 
Wave[38] = 0.121108055; 
Wave[39] = 0.06685686; 
Wave[40] = 0.028980255; 
Wave[41] = -0.014031887; 
Wave[42] = -0.03617668; 
Wave[43] = -0.05357361; 
Wave[44] = -0.056297302; 
Wave[45] = -0.052598; 
Wave[46] = -0.05731964; 
Wave[47] = -0.05930996; 
Wave[48] = -0.047950745; 
Wave[49] = -0.018659115; 
Wave[50] = 0.006590843; 
Wave[51] = 0.034766674; 
Wave[52] = 0.04793358; 
Wave[53] = 0.053288937; 
Wave[54] = 0.06254196; 
Wave[55] = 0.06558561; 
Wave[56] = 0.06562424; 
Wave[57] = 0.06474304; 
Wave[58] = 0.05877018; 
Wave[59] = 0.044764996; 
Wave[60] = 0.021892548; 
Wave[61] = 0.0032744408; 
Wave[62] = -0.02276802; 
Wave[63] = -0.03910017; 
Wave[64] = -0.050094604; 
Wave[65] = -0.06383085; 
Wave[66] = -0.081747055; 
Wave[67] = -0.09717369; 
Wave[68] = -0.112672806; 
Wave[69] = -0.13076544; 
Wave[70] = -0.13605213; 
Wave[71] = -0.12765598; 
Wave[72] = -0.11755371; 
Wave[73] = -0.11233044; 
Wave[74] = -0.11366081; 
Wave[75] = -0.11479139; 
Wave[76] = -0.11204338; 
Wave[77] = -0.096087456; 
Wave[78] = -0.07634735; 
Wave[79] = -0.05254793; 
Wave[80] = -0.031929016; 
Wave[81] = -0.012735367; 
Wave[82] = 0.007921219; 
Wave[83] = 0.025636196; 
Wave[84] = 0.04142189; 
Wave[85] = 0.054884434; 
Wave[86] = 0.059469223; 
Wave[87] = 0.06206703; 
Wave[88] = 0.06342697; 
Wave[89] = 0.06156349; 
Wave[90] = 0.058226585; 
Wave[91] = 0.05298996; 
Wave[92] = 0.042459488; 
Wave[93] = 0.0365777; 
Wave[94] = 0.021204948; 
Wave[95] = 0.015120983; 
Wave[96] = 0.005142212; 
Wave[97] = -0.0014953613; 
Wave[98] = -0.011042595; 
Wave[99] = -0.025828838; 
Wave[100] = -0.025398254; 
Wave[101] = -0.03605604; 
Wave[102] = -0.03819084; 
Wave[103] = -0.04395485; 
Wave[104] = -0.041885376; 
Wave[105] = -0.043201447; 
Wave[106] = -0.03635025; 
Wave[107] = -0.028106213; 
Wave[108] = -0.023200989; 
Wave[109] = -0.028347015; 
Wave[110] = -0.028718948; 
Wave[111] = -0.02435255; 
Wave[112] = -0.019126892; 
Wave[113] = -0.016999245; 
Wave[114] = -0.016385078; 
Wave[115] = -0.023191929; 
Wave[116] = -0.028554916; 
Wave[117] = -0.03520155; 
Wave[118] = -0.043488503; 
Wave[119] = -0.051156044; 
Wave[120] = -0.05141449; 
Wave[121] = -0.056904316; 
Wave[122] = -0.05795765; 
Wave[123] = -0.05461359; 
Wave[124] = -0.044929504; 
Wave[125] = -0.035254; 
Wave[126] = -0.022530556; 
Wave[127] = -0.008814812; 
Selected.WaveTable.set( 1 , Wave ); 

?> 
