#defaults=no 
#cm=OSC 
Wave=2 
<? 

float Wave[ 128 ]; 
Wave[0] = -0.016098022; 
Wave[1] = -0.014835; 
Wave[2] = -0.017461538; 
Wave[3] = -0.020613551; 
Wave[4] = -0.021129131; 
Wave[5] = -0.02067089; 
Wave[6] = -0.020329237; 
Wave[7] = -0.014775991; 
Wave[8] = -0.015422821; 
Wave[9] = -0.007907271; 
Wave[10] = -0.0052525997; 
Wave[11] = -0.0031524897; 
Wave[12] = 0.004507065; 
Wave[13] = 0.008354425; 
Wave[14] = 0.010926008; 
Wave[15] = 0.0132648945; 
Wave[16] = 0.015312195; 
Wave[17] = 0.018285275; 
Wave[18] = 0.024401426; 
Wave[19] = 0.02436626; 
Wave[20] = 0.02808714; 
Wave[21] = 0.026203156; 
Wave[22] = 0.026340961; 
Wave[23] = 0.027373433; 
Wave[24] = 0.027256966; 
Wave[25] = 0.021782517; 
Wave[26] = 0.019689083; 
Wave[27] = 0.015840173; 
Wave[28] = 0.00949049; 
Wave[29] = 0.008515954; 
Wave[30] = 0.0; 
Wave[31] = -0.0023610592; 
Wave[32] = -0.007457733; 
Wave[33] = -0.007746458; 
Wave[34] = -0.01080966; 
Wave[35] = -0.011372685; 
Wave[36] = -0.015677452; 
Wave[37] = -0.011682868; 
Wave[38] = -0.01142931; 
Wave[39] = -0.010730624; 
Wave[40] = -0.011343002; 
Wave[41] = -0.012910128; 
Wave[42] = -0.008176804; 
Wave[43] = -0.006413102; 
Wave[44] = -0.009127617; 
Wave[45] = -0.007539749; 
Wave[46] = -0.0029656887; 
Wave[47] = -0.0041986704; 
Wave[48] = -0.004594803; 
Wave[49] = 0.0; 
Wave[50] = 0.0017437935; 
Wave[51] = 0.0; 
Wave[52] = 0.0045342445; 
Wave[53] = 0.005167842; 
Wave[54] = 0.0034286976; 
Wave[55] = 0.009190917; 
Wave[56] = 0.006910324; 
Wave[57] = 0.012605786; 
Wave[58] = 0.010527849; 
Wave[59] = 0.014410615; 
Wave[60] = 0.016331196; 
Wave[61] = 0.016507983; 
Wave[62] = 0.016208649; 
Wave[63] = 0.01103878; 
Wave[64] = 0.012992859; 
Wave[65] = 0.00726974; 
Wave[66] = 0.0062675476; 
Wave[67] = 0.008155823; 
Wave[68] = 0.0027208328; 
Wave[69] = 0.0027252436; 
Wave[70] = 0.0; 
Wave[71] = -0.005380869; 
Wave[72] = -0.0153923035; 
Wave[73] = -0.019382; 
Wave[74] = -0.022088528; 
Wave[75] = -0.026530027; 
Wave[76] = -0.03257227; 
Wave[77] = -0.030339956; 
Wave[78] = -0.03103447; 
Wave[79] = -0.03115642; 
Wave[80] = -0.031085968; 
Wave[81] = -0.030524492; 
Wave[82] = -0.030237675; 
Wave[83] = -0.03254795; 
Wave[84] = -0.028629303; 
Wave[85] = -0.026610851; 
Wave[86] = -0.02229929; 
Wave[87] = -0.019142747; 
Wave[88] = -0.020255089; 
Wave[89] = -0.01494813; 
Wave[90] = -0.012096405; 
Wave[91] = -0.009241462; 
Wave[92] = -0.005051136; 
Wave[93] = 0.0; 
Wave[94] = 0.004657984; 
Wave[95] = 0.0029518604; 
Wave[96] = 0.0073509216; 
Wave[97] = 0.0088346; 
Wave[98] = 0.0090518; 
Wave[99] = 0.008054376; 
Wave[100] = 0.0032353401; 
Wave[101] = 0.0028791428; 
Wave[102] = 0.0023636818; 
Wave[103] = 0.005480647; 
Wave[104] = 0.004954338; 
Wave[105] = 0.0042488575; 
Wave[106] = 0.0041053295; 
Wave[107] = 0.0; 
Wave[108] = 0.0; 
Wave[109] = -0.0011082888; 
Wave[110] = -0.0013525486; 
Wave[111] = -0.0012907982; 
Wave[112] = -0.0010089874; 
Wave[113] = 0.0; 
Wave[114] = 0.0; 
Wave[115] = 0.0; 
Wave[116] = -0.0011706352; 
Wave[117] = -0.0014287233; 
Wave[118] = 0.0; 
Wave[119] = 0.0013403893; 
Wave[120] = 0.0; 
Wave[121] = -0.0027358532; 
Wave[122] = -0.0051674843; 
Wave[123] = -0.0024553537; 
Wave[124] = -0.0038638115; 
Wave[125] = -0.0067380667; 
Wave[126] = -0.009244442; 
Wave[127] = -0.012133718; 
Selected.WaveTable.set( 1 , Wave ); 

?> 
