#defaults=no 
#cm=OSC 
Wave=2 
<? 

float Wave[ 128 ]; 
Wave[0] = -0.0017700195; 
Wave[1] = 0.0101614; 
Wave[2] = 0.017118454; 
Wave[3] = 0.025636673; 
Wave[4] = 0.03126526; 
Wave[5] = 0.040010452; 
Wave[6] = 0.042476654; 
Wave[7] = 0.048036575; 
Wave[8] = 0.05009842; 
Wave[9] = 0.0496068; 
Wave[10] = 0.049931526; 
Wave[11] = 0.04987955; 
Wave[12] = 0.051231384; 
Wave[13] = 0.047528267; 
Wave[14] = 0.042684555; 
Wave[15] = 0.037371635; 
Wave[16] = 0.03579712; 
Wave[17] = 0.029785156; 
Wave[18] = 0.02437687; 
Wave[19] = 0.021575928; 
Wave[20] = 0.016679764; 
Wave[21] = 0.010908604; 
Wave[22] = 0.0075063705; 
Wave[23] = 0.006483078; 
Wave[24] = 0.009349823; 
Wave[25] = 0.0050001144; 
Wave[26] = 0.008223534; 
Wave[27] = 0.009118557; 
Wave[28] = 0.006214142; 
Wave[29] = 0.0073280334; 
Wave[30] = 0.0071287155; 
Wave[31] = 0.008046627; 
Wave[32] = 0.008743286; 
Wave[33] = 0.0028805733; 
Wave[34] = 0.004183769; 
Wave[35] = 0.0013251305; 
Wave[36] = -0.003156662; 
Wave[37] = -0.008441448; 
Wave[38] = -0.015332222; 
Wave[39] = -0.019776344; 
Wave[40] = -0.024909973; 
Wave[41] = -0.028262138; 
Wave[42] = -0.03017807; 
Wave[43] = -0.0360713; 
Wave[44] = -0.03806877; 
Wave[45] = -0.03774643; 
Wave[46] = -0.03862858; 
Wave[47] = -0.03838396; 
Wave[48] = -0.03756714; 
Wave[49] = -0.039295673; 
Wave[50] = -0.03390217; 
Wave[51] = -0.03142929; 
Wave[52] = -0.025356293; 
Wave[53] = -0.020907402; 
Wave[54] = -0.014389992; 
Wave[55] = -0.008581638; 
Wave[56] = 0.0; 
Wave[57] = 0.0040488243; 
Wave[58] = 0.011375427; 
Wave[59] = 0.01688385; 
Wave[60] = 0.02026558; 
Wave[61] = 0.024365902; 
Wave[62] = 0.023490906; 
Wave[63] = 0.0288167; 
Wave[64] = 0.025863647; 
Wave[65] = 0.025695324; 
Wave[66] = 0.029052734; 
Wave[67] = 0.02599001; 
Wave[68] = 0.021680832; 
Wave[69] = 0.02220726; 
Wave[70] = 0.019976616; 
Wave[71] = 0.0147480965; 
Wave[72] = 0.012928009; 
Wave[73] = 0.007074833; 
Wave[74] = 0.0028877258; 
Wave[75] = 0.0; 
Wave[76] = -0.00248909; 
Wave[77] = -0.00320673; 
Wave[78] = -0.0073900223; 
Wave[79] = -0.011883736; 
Wave[80] = -0.012062073; 
Wave[81] = -0.015891075; 
Wave[82] = -0.016011238; 
Wave[83] = -0.015170097; 
Wave[84] = -0.02018547; 
Wave[85] = -0.021099567; 
Wave[86] = -0.018294334; 
Wave[87] = -0.019239426; 
Wave[88] = -0.024360657; 
Wave[89] = -0.02513504; 
Wave[90] = -0.021894455; 
Wave[91] = -0.022190094; 
Wave[92] = -0.022731781; 
Wave[93] = -0.022988796; 
Wave[94] = -0.022965431; 
Wave[95] = -0.023056984; 
Wave[96] = -0.022659302; 
Wave[97] = -0.021677017; 
Wave[98] = -0.024422646; 
Wave[99] = -0.018616676; 
Wave[100] = -0.020633698; 
Wave[101] = -0.014672279; 
Wave[102] = -0.016100883; 
Wave[103] = -0.0107860565; 
Wave[104] = -0.0069885254; 
Wave[105] = -0.0075802803; 
Wave[106] = -0.0024728775; 
Wave[107] = -0.005545616; 
Wave[108] = -0.005279541; 
Wave[109] = -0.0053691864; 
Wave[110] = -0.0027666092; 
Wave[111] = -0.007938862; 
Wave[112] = -0.0076141357; 
Wave[113] = -0.007484913; 
Wave[114] = -0.012825012; 
Wave[115] = -0.010624886; 
Wave[116] = -0.016407013; 
Wave[117] = -0.014865398; 
Wave[118] = -0.020546913; 
Wave[119] = -0.024665356; 
Wave[120] = -0.027713776; 
Wave[121] = -0.026460648; 
Wave[122] = -0.031848907; 
Wave[123] = -0.032093048; 
Wave[124] = -0.026348114; 
Wave[125] = -0.02338314; 
Wave[126] = -0.0135355; 
Wave[127] = -0.0049409866; 
Selected.WaveTable.set( 1 , Wave ); 

?> 
