#defaults=no 
#cm=OSC 
Wave=2 
<? 

float Wave[ 128 ]; 
Wave[0] = 0.0044555664; 
Wave[1] = 0.00548172; 
Wave[2] = 0.0027160645; 
Wave[3] = 0.0045776367; 
Wave[4] = 0.00894165; 
Wave[5] = 0.009586334; 
Wave[6] = 0.0068359375; 
Wave[7] = 0.011478424; 
Wave[8] = 0.010757446; 
Wave[9] = 0.01486969; 
Wave[10] = 0.015449524; 
Wave[11] = 0.015968323; 
Wave[12] = 0.019866943; 
Wave[13] = 0.020687103; 
Wave[14] = 0.017990112; 
Wave[15] = 0.01638794; 
Wave[16] = 0.020965576; 
Wave[17] = 0.015827179; 
Wave[18] = 0.012702942; 
Wave[19] = 0.007003784; 
Wave[20] = 0.005004883; 
Wave[21] = -0.005706787; 
Wave[22] = -0.015922546; 
Wave[23] = -0.025619507; 
Wave[24] = -0.02935791; 
Wave[25] = -0.03692627; 
Wave[26] = -0.04358673; 
Wave[27] = -0.050933838; 
Wave[28] = -0.05506897; 
Wave[29] = -0.05596161; 
Wave[30] = -0.054473877; 
Wave[31] = -0.05420685; 
Wave[32] = -0.048690796; 
Wave[33] = -0.039211273; 
Wave[34] = -0.03690338; 
Wave[35] = -0.029258728; 
Wave[36] = -0.018356323; 
Wave[37] = -0.0099983215; 
Wave[38] = 0.0017166138; 
Wave[39] = 0.013313293; 
Wave[40] = 0.020629883; 
Wave[41] = 0.0231781; 
Wave[42] = 0.024749756; 
Wave[43] = 0.02425766; 
Wave[44] = 0.018737793; 
Wave[45] = 0.016544342; 
Wave[46] = 0.013809204; 
Wave[47] = 0.016548157; 
Wave[48] = 0.011199951; 
Wave[49] = 0.0126571655; 
Wave[50] = 0.009933472; 
Wave[51] = 0.007217407; 
Wave[52] = 0.0070343018; 
Wave[53] = 0.008560181; 
Wave[54] = 0.008384705; 
Wave[55] = 0.003414154; 
Wave[56] = 0.005432129; 
Wave[57] = 0.0; 
Wave[58] = 0.0; 
Wave[59] = 0.0; 
Wave[60] = 0.0015716553; 
Wave[61] = 0.0; 
Wave[62] = -0.0013656616; 
Wave[63] = 0.004096985; 
Wave[64] = 0.0043792725; 
Wave[65] = 0.004627228; 
Wave[66] = 0.0024490356; 
Wave[67] = 0.0026474; 
Wave[68] = 0.0032043457; 
Wave[69] = 0.008056641; 
Wave[70] = 0.0057144165; 
Wave[71] = 0.0032234192; 
Wave[72] = 0.0021972656; 
Wave[73] = 0.0; 
Wave[74] = 0.0; 
Wave[75] = -0.0038490295; 
Wave[76] = -0.009017944; 
Wave[77] = -0.011817932; 
Wave[78] = -0.014427185; 
Wave[79] = -0.016960144; 
Wave[80] = -0.023773193; 
Wave[81] = -0.026145935; 
Wave[82] = -0.027664185; 
Wave[83] = -0.032310486; 
Wave[84] = -0.030151367; 
Wave[85] = -0.031162262; 
Wave[86] = -0.030143738; 
Wave[87] = -0.031326294; 
Wave[88] = -0.028961182; 
Wave[89] = -0.019378662; 
Wave[90] = -0.013305664; 
Wave[91] = -0.006500244; 
Wave[92] = 0.0; 
Wave[93] = 0.0076522827; 
Wave[94] = 0.014152527; 
Wave[95] = 0.020130157; 
Wave[96] = 0.02911377; 
Wave[97] = 0.0346756; 
Wave[98] = 0.037399292; 
Wave[99] = 0.040065765; 
Wave[100] = 0.047195435; 
Wave[101] = 0.05065155; 
Wave[102] = 0.05126953; 
Wave[103] = 0.049541473; 
Wave[104] = 0.04170227; 
Wave[105] = 0.036548615; 
Wave[106] = 0.025657654; 
Wave[107] = 0.015060425; 
Wave[108] = 0.0; 
Wave[109] = -0.009601593; 
Wave[110] = -0.017433167; 
Wave[111] = -0.02476883; 
Wave[112] = -0.028060913; 
Wave[113] = -0.030578613; 
Wave[114] = -0.031974792; 
Wave[115] = -0.030223846; 
Wave[116] = -0.026184082; 
Wave[117] = -0.023891449; 
Wave[118] = -0.021583557; 
Wave[119] = -0.017158508; 
Wave[120] = -0.016723633; 
Wave[121] = -0.011188507; 
Wave[122] = -0.010055542; 
Wave[123] = -0.009197235; 
Wave[124] = -0.0034179688; 
Wave[125] = -0.0038032532; 
Wave[126] = 0.0012969971; 
Wave[127] = -0.001335144; 
Selected.WaveTable.set( 1 , Wave ); 

?> 
