#defaults=no 
#cm=OSC 
Wave=2 
<? 

float Wave[ 128 ]; 
Wave[0] = -0.0010528564; 
Wave[1] = 0.017642975; 
Wave[2] = 0.033473015; 
Wave[3] = 0.047804594; 
Wave[4] = 0.047883987; 
Wave[5] = 0.05074787; 
Wave[6] = 0.05137682; 
Wave[7] = 0.05009055; 
Wave[8] = 0.046554565; 
Wave[9] = 0.045718193; 
Wave[10] = 0.051599026; 
Wave[11] = 0.05918646; 
Wave[12] = 0.06199169; 
Wave[13] = 0.06732583; 
Wave[14] = 0.06917286; 
Wave[15] = 0.073791504; 
Wave[16] = 0.08364487; 
Wave[17] = 0.088689804; 
Wave[18] = 0.096672535; 
Wave[19] = 0.105470896; 
Wave[20] = 0.111047745; 
Wave[21] = 0.11563444; 
Wave[22] = 0.11285877; 
Wave[23] = 0.111677885; 
Wave[24] = 0.10920906; 
Wave[25] = 0.105792284; 
Wave[26] = 0.09797287; 
Wave[27] = 0.09255862; 
Wave[28] = 0.09148979; 
Wave[29] = 0.08357549; 
Wave[30] = 0.0771656; 
Wave[31] = 0.07193923; 
Wave[32] = 0.060302734; 
Wave[33] = 0.04919958; 
Wave[34] = 0.048030376; 
Wave[35] = 0.039313555; 
Wave[36] = 0.038718224; 
Wave[37] = 0.0418036; 
Wave[38] = 0.04694462; 
Wave[39] = 0.049258232; 
Wave[40] = 0.050209045; 
Wave[41] = 0.049427032; 
Wave[42] = 0.042662144; 
Wave[43] = 0.047977448; 
Wave[44] = 0.04970932; 
Wave[45] = 0.058181047; 
Wave[46] = 0.064202785; 
Wave[47] = 0.075894594; 
Wave[48] = 0.08437729; 
Wave[49] = 0.08920455; 
Wave[50] = 0.0863924; 
Wave[51] = 0.08499646; 
Wave[52] = 0.0866003; 
Wave[53] = 0.095360994; 
Wave[54] = 0.099720955; 
Wave[55] = 0.095410585; 
Wave[56] = 0.08819771; 
Wave[57] = 0.06816912; 
Wave[58] = 0.050587177; 
Wave[59] = 0.025526285; 
Wave[60] = 0.005666733; 
Wave[61] = -0.008331537; 
Wave[62] = -0.012292385; 
Wave[63] = -0.007344246; 
Wave[64] = -0.0038757324; 
Wave[65] = -0.008727789; 
Wave[66] = -0.014270306; 
Wave[67] = -0.023118258; 
Wave[68] = -0.044243813; 
Wave[69] = -0.060568094; 
Wave[70] = -0.07029629; 
Wave[71] = -0.06626177; 
Wave[72] = -0.06243515; 
Wave[73] = -0.054538727; 
Wave[74] = -0.048925877; 
Wave[75] = -0.04856181; 
Wave[76] = -0.04996109; 
Wave[77] = -0.06040716; 
Wave[78] = -0.076432705; 
Wave[79] = -0.09317136; 
Wave[80] = -0.09799576; 
Wave[81] = -0.10252261; 
Wave[82] = -0.097857; 
Wave[83] = -0.08855152; 
Wave[84] = -0.09144306; 
Wave[85] = -0.091130495; 
Wave[86] = -0.09281778; 
Wave[87] = -0.09689355; 
Wave[88] = -0.09729576; 
Wave[89] = -0.091441154; 
Wave[90] = -0.08004379; 
Wave[91] = -0.068525314; 
Wave[92] = -0.05816078; 
Wave[93] = -0.05764103; 
Wave[94] = -0.056483746; 
Wave[95] = -0.05564022; 
Wave[96] = -0.05076599; 
Wave[97] = -0.05057001; 
Wave[98] = -0.05068159; 
Wave[99] = -0.045945406; 
Wave[100] = -0.033350945; 
Wave[101] = -0.022545338; 
Wave[102] = -0.018642902; 
Wave[103] = -0.01523757; 
Wave[104] = -0.03020668; 
Wave[105] = -0.033750296; 
Wave[106] = -0.040598392; 
Wave[107] = -0.04696536; 
Wave[108] = -0.055740356; 
Wave[109] = -0.056850195; 
Wave[110] = -0.060458183; 
Wave[111] = -0.06695819; 
Wave[112] = -0.06775284; 
Wave[113] = -0.075647116; 
Wave[114] = -0.08464384; 
Wave[115] = -0.0950675; 
Wave[116] = -0.111019135; 
Wave[117] = -0.115833044; 
Wave[118] = -0.11774254; 
Wave[119] = -0.10897851; 
Wave[120] = -0.09768295; 
Wave[121] = -0.08546567; 
Wave[122] = -0.06835413; 
Wave[123] = -0.055785418; 
Wave[124] = -0.04071808; 
Wave[125] = -0.032157898; 
Wave[126] = -0.02245617; 
Wave[127] = -0.010634661; 
Selected.WaveTable.set( 1 , Wave ); 

?> 
