#defaults=no 
#cm=OSC 
Wave=2 
<? 

float Wave[ 128 ]; 
Wave[0] = 0.0011901855; 
Wave[1] = 0.0023493767; 
Wave[2] = 0.00416708; 
Wave[3] = 0.013166904; 
Wave[4] = 0.01605606; 
Wave[5] = 0.01941681; 
Wave[6] = 0.027073383; 
Wave[7] = 0.03246808; 
Wave[8] = 0.039180756; 
Wave[9] = 0.044084787; 
Wave[10] = 0.043934822; 
Wave[11] = 0.038653374; 
Wave[12] = 0.036292076; 
Wave[13] = 0.030895948; 
Wave[14] = 0.02832222; 
Wave[15] = 0.02197671; 
Wave[16] = 0.011707306; 
Wave[17] = -0.005182743; 
Wave[18] = -0.017320156; 
Wave[19] = -0.036224127; 
Wave[20] = -0.050435066; 
Wave[21] = -0.057948112; 
Wave[22] = -0.06592226; 
Wave[23] = -0.0744791; 
Wave[24] = -0.07330704; 
Wave[25] = -0.07265639; 
Wave[26] = -0.077026844; 
Wave[27] = -0.07964325; 
Wave[28] = -0.08622742; 
Wave[29] = -0.08452678; 
Wave[30] = -0.08465862; 
Wave[31] = -0.08497739; 
Wave[32] = -0.09127045; 
Wave[33] = -0.089628935; 
Wave[34] = -0.0830698; 
Wave[35] = -0.06966305; 
Wave[36] = -0.054299355; 
Wave[37] = -0.04283905; 
Wave[38] = -0.03136015; 
Wave[39] = -0.015723467; 
Wave[40] = -0.00573349; 
Wave[41] = 0.006675482; 
Wave[42] = 0.011539459; 
Wave[43] = 0.021322012; 
Wave[44] = 0.031082153; 
Wave[45] = 0.035927057; 
Wave[46] = 0.03461981; 
Wave[47] = 0.03973794; 
Wave[48] = 0.039642334; 
Wave[49] = 0.039529324; 
Wave[50] = 0.035103798; 
Wave[51] = 0.03969288; 
Wave[52] = 0.04031372; 
Wave[53] = 0.03785181; 
Wave[54] = 0.0440979; 
Wave[55] = 0.04462099; 
Wave[56] = 0.04386139; 
Wave[57] = 0.040049314; 
Wave[58] = 0.033216; 
Wave[59] = 0.027266264; 
Wave[60] = 0.02363491; 
Wave[61] = 0.019480705; 
Wave[62] = 0.011657715; 
Wave[63] = 0.0073025227; 
Wave[64] = 0.0; 
Wave[65] = 0.0; 
Wave[66] = -0.004731655; 
Wave[67] = -0.0036690235; 
Wave[68] = -0.007771492; 
Wave[69] = -0.012461901; 
Wave[70] = -0.015970707; 
Wave[71] = -0.01918459; 
Wave[72] = -0.023094177; 
Wave[73] = -0.03493619; 
Wave[74] = -0.040316105; 
Wave[75] = -0.051701784; 
Wave[76] = -0.056075096; 
Wave[77] = -0.053749084; 
Wave[78] = -0.05493498; 
Wave[79] = -0.044068336; 
Wave[80] = -0.034252167; 
Wave[81] = -0.020670176; 
Wave[82] = -0.0024552345; 
Wave[83] = 0.012789726; 
Wave[84] = 0.031223297; 
Wave[85] = 0.038986444; 
Wave[86] = 0.05090952; 
Wave[87] = 0.054965496; 
Wave[88] = 0.059892654; 
Wave[89] = 0.052928448; 
Wave[90] = 0.050284386; 
Wave[91] = 0.052038908; 
Wave[92] = 0.054621696; 
Wave[93] = 0.05053568; 
Wave[94] = 0.05048132; 
Wave[95] = 0.049605846; 
Wave[96] = 0.052856445; 
Wave[97] = 0.056532383; 
Wave[98] = 0.055271626; 
Wave[99] = 0.050027132; 
Wave[100] = 0.04446411; 
Wave[101] = 0.036863327; 
Wave[102] = 0.027236938; 
Wave[103] = 0.016104937; 
Wave[104] = 0.0010433197; 
Wave[105] = -0.013237953; 
Wave[106] = -0.01937294; 
Wave[107] = -0.026967287; 
Wave[108] = -0.032253265; 
Wave[109] = -0.034087896; 
Wave[110] = -0.03479433; 
Wave[111] = -0.03513789; 
Wave[112] = -0.039798737; 
Wave[113] = -0.03591919; 
Wave[114] = -0.02571249; 
Wave[115] = -0.024065971; 
Wave[116] = -0.022250175; 
Wave[117] = -0.019834042; 
Wave[118] = -0.015139103; 
Wave[119] = -0.011314392; 
Wave[120] = -0.015861511; 
Wave[121] = -0.015771627; 
Wave[122] = -0.014301777; 
Wave[123] = -0.01292181; 
Wave[124] = -0.0073862076; 
Wave[125] = -0.006234646; 
Wave[126] = -0.008974075; 
Wave[127] = -0.0037221909; 
Selected.WaveTable.set( 1 , Wave ); 

?> 
