#defaults=no 
#cm=OSC 
Wave=2 
<? 

float Wave[ 128 ]; 
Wave[0] = 0.0; 
Wave[1] = 0.0; 
Wave[2] = 0.0066452026; 
Wave[3] = 0.006910324; 
Wave[4] = 0.008804321; 
Wave[5] = 0.0026416779; 
Wave[6] = 0.0; 
Wave[7] = -0.0052948; 
Wave[8] = -0.006362915; 
Wave[9] = -0.012786865; 
Wave[10] = -0.012611389; 
Wave[11] = -0.01342392; 
Wave[12] = -0.010627747; 
Wave[13] = -0.016500473; 
Wave[14] = -0.01158905; 
Wave[15] = -0.0055980682; 
Wave[16] = 0.0020446777; 
Wave[17] = 0.013446808; 
Wave[18] = 0.016750336; 
Wave[19] = 0.012987137; 
Wave[20] = 0.009284973; 
Wave[21] = 0.0031604767; 
Wave[22] = -0.0047187805; 
Wave[23] = -0.011474609; 
Wave[24] = -0.018920898; 
Wave[25] = -0.027999878; 
Wave[26] = -0.025569916; 
Wave[27] = -0.02425003; 
Wave[28] = -0.011528015; 
Wave[29] = 0.004301071; 
Wave[30] = 0.020393372; 
Wave[31] = 0.032276154; 
Wave[32] = 0.036331177; 
Wave[33] = 0.033231735; 
Wave[34] = 0.031879425; 
Wave[35] = 0.021879196; 
Wave[36] = 0.0031585693; 
Wave[37] = -0.02952385; 
Wave[38] = -0.067970276; 
Wave[39] = -0.094903946; 
Wave[40] = -0.088027954; 
Wave[41] = -0.05728531; 
Wave[42] = 0.001991272; 
Wave[43] = 0.05142784; 
Wave[44] = 0.077804565; 
Wave[45] = 0.08532143; 
Wave[46] = 0.08496857; 
Wave[47] = 0.08369827; 
Wave[48] = 0.08329773; 
Wave[49] = 0.080394745; 
Wave[50] = 0.06655884; 
Wave[51] = 0.03755951; 
Wave[52] = 0.010025024; 
Wave[53] = -0.009403229; 
Wave[54] = -0.017990112; 
Wave[55] = -0.02386856; 
Wave[56] = -0.014694214; 
Wave[57] = -0.012382507; 
Wave[58] = -0.012172699; 
Wave[59] = -0.011314392; 
Wave[60] = -0.017448425; 
Wave[61] = -0.01881218; 
Wave[62] = -0.024116516; 
Wave[63] = -0.022182465; 
Wave[64] = -0.025543213; 
Wave[65] = -0.032339096; 
Wave[66] = -0.032722473; 
Wave[67] = -0.03166771; 
Wave[68] = -0.023841858; 
Wave[69] = -0.010942459; 
Wave[70] = 0.0039520264; 
Wave[71] = 0.012041092; 
Wave[72] = 0.00982666; 
Wave[73] = 0.002462387; 
Wave[74] = -0.0029449463; 
Wave[75] = -0.006532669; 
Wave[76] = -0.016067505; 
Wave[77] = -0.015270233; 
Wave[78] = -0.020637512; 
Wave[79] = -0.018505096; 
Wave[80] = -0.02432251; 
Wave[81] = -0.024673462; 
Wave[82] = -0.020412445; 
Wave[83] = -0.020778656; 
Wave[84] = -0.010864258; 
Wave[85] = -0.006351471; 
Wave[86] = -0.004348755; 
Wave[87] = -0.0041122437; 
Wave[88] = -0.007827759; 
Wave[89] = -0.0066871643; 
Wave[90] = -0.010749817; 
Wave[91] = -0.007507324; 
Wave[92] = -0.009437561; 
Wave[93] = -0.0031147003; 
Wave[94] = -0.004497528; 
Wave[95] = 0.0; 
Wave[96] = 0.0011138916; 
Wave[97] = -0.0015716553; 
Wave[98] = -0.0011634827; 
Wave[99] = -0.0012588501; 
Wave[100] = -0.0015258789; 
Wave[101] = -0.001247406; 
Wave[102] = 0.0; 
Wave[103] = 0.0018367767; 
Wave[104] = -0.0054016113; 
Wave[105] = -0.006685257; 
Wave[106] = -0.012962341; 
Wave[107] = -0.010084152; 
Wave[108] = -0.012535095; 
Wave[109] = -0.008728027; 
Wave[110] = -0.0022659302; 
Wave[111] = -0.002363205; 
Wave[112] = -0.007827759; 
Wave[113] = -0.0042304993; 
Wave[114] = -0.0051078796; 
Wave[115] = 0.0; 
Wave[116] = 0.005332947; 
Wave[117] = 0.0033226013; 
Wave[118] = -0.001121521; 
Wave[119] = -0.0054359436; 
Wave[120] = -0.012634277; 
Wave[121] = -0.007352829; 
Wave[122] = -0.0066833496; 
Wave[123] = -0.003944397; 
Wave[124] = -0.004875183; 
Wave[125] = -0.0050678253; 
Wave[126] = -0.002986908; 
Wave[127] = -0.0050029755; 
Selected.WaveTable.set( 1 , Wave ); 

?> 
