#defaults=no 
#cm=OSC 
Wave=2 
<? 

float Wave[ 128 ]; 
Wave[0] = 0.0; 
Wave[1] = 0.011012077; 
Wave[2] = 0.017202377; 
Wave[3] = 0.021896362; 
Wave[4] = 0.030574799; 
Wave[5] = 0.042529106; 
Wave[6] = 0.05945015; 
Wave[7] = 0.046210766; 
Wave[8] = -0.008010864; 
Wave[9] = -0.05761552; 
Wave[10] = -0.060201645; 
Wave[11] = -0.024253368; 
Wave[12] = 0.004863739; 
Wave[13] = 0.012588739; 
Wave[14] = 0.013336182; 
Wave[15] = 0.0035963058; 
Wave[16] = -0.0016479492; 
Wave[17] = 0.0; 
Wave[18] = -0.0032863617; 
Wave[19] = -0.007736206; 
Wave[20] = -0.0138168335; 
Wave[21] = -0.021102905; 
Wave[22] = -0.012207508; 
Wave[23] = -0.002749443; 
Wave[24] = 0.0037231445; 
Wave[25] = 0.01308918; 
Wave[26] = 0.0064086914; 
Wave[27] = 0.0086193085; 
Wave[28] = 0.005584717; 
Wave[29] = 0.0; 
Wave[30] = 0.004770279; 
Wave[31] = 0.0044765472; 
Wave[32] = 0.0; 
Wave[33] = 0.0; 
Wave[34] = -0.004760742; 
Wave[35] = 0.0011241436; 
Wave[36] = 0.0; 
Wave[37] = 0.0; 
Wave[38] = -0.00551033; 
Wave[39] = -0.0025787354; 
Wave[40] = -0.005094528; 
Wave[41] = -0.0029325485; 
Wave[42] = 0.0; 
Wave[43] = 0.0; 
Wave[44] = 0.005531311; 
Wave[45] = 0.0025482178; 
Wave[46] = 0.0045833588; 
Wave[47] = 0.0047302246; 
Wave[48] = 0.00440979; 
Wave[49] = -0.0023450851; 
Wave[50] = -0.0025787354; 
Wave[51] = 0.0; 
Wave[52] = 0.0; 
Wave[53] = 0.0014104843; 
Wave[54] = 0.0055713654; 
Wave[55] = 0.0049648285; 
Wave[56] = 0.0028152466; 
Wave[57] = 0.0051574707; 
Wave[58] = 0.0; 
Wave[59] = 0.0; 
Wave[60] = 0.0016441345; 
Wave[61] = -0.005630493; 
Wave[62] = 0.0; 
Wave[63] = 0.0; 
Wave[64] = -0.0013275146; 
Wave[65] = -0.0053300858; 
Wave[66] = 0.0; 
Wave[67] = 0.0; 
Wave[68] = 0.0; 
Wave[69] = 0.0; 
Wave[70] = -0.0013275146; 
Wave[71] = 0.0; 
Wave[72] = 0.0; 
Wave[73] = 0.0; 
Wave[74] = 0.0; 
Wave[75] = 0.0; 
Wave[76] = 0.0; 
Wave[77] = 0.007493973; 
Wave[78] = 0.004796982; 
Wave[79] = 0.0; 
Wave[80] = 0.0047302246; 
Wave[81] = 0.0; 
Wave[82] = -0.0013275146; 
Wave[83] = 0.0017242432; 
Wave[84] = -0.0040626526; 
Wave[85] = -0.003317833; 
Wave[86] = -0.0037822723; 
Wave[87] = -0.0030059814; 
Wave[88] = -0.0030059814; 
Wave[89] = -0.004836321; 
Wave[90] = -0.005203247; 
Wave[91] = 0.0; 
Wave[92] = 0.004436493; 
Wave[93] = 0.0021209717; 
Wave[94] = 0.0024456978; 
Wave[95] = 0.0030622482; 
Wave[96] = 0.0043029785; 
Wave[97] = -0.0017547607; 
Wave[98] = -0.0014286041; 
Wave[99] = 0.0012969971; 
Wave[100] = 0.0012969971; 
Wave[101] = -0.0047540665; 
Wave[102] = -0.0048851967; 
Wave[103] = -0.0017547607; 
Wave[104] = 0.0; 
Wave[105] = 0.0; 
Wave[106] = 0.0; 
Wave[107] = 0.0; 
Wave[108] = 0.0; 
Wave[109] = -0.0017547607; 
Wave[110] = -0.0017547607; 
Wave[111] = 0.0017242432; 
Wave[112] = 0.0016174316; 
Wave[113] = 0.0017242432; 
Wave[114] = 0.0012969971; 
Wave[115] = -0.0017547607; 
Wave[116] = 0.0; 
Wave[117] = 0.0025482178; 
Wave[118] = 0.0021209717; 
Wave[119] = 0.0; 
Wave[120] = 0.0; 
Wave[121] = -0.0052366257; 
Wave[122] = -0.0036854744; 
Wave[123] = -0.008636475; 
Wave[124] = -0.012152672; 
Wave[125] = -0.009934425; 
Wave[126] = -0.010241032; 
Wave[127] = -0.008589506; 
Selected.WaveTable.set( 1 , Wave ); 

?> 
