#defaults=no 
#cm=OSC 
Wave=2 
<? 

float Wave[ 128 ]; 
Wave[0] = 0.0; 
Wave[1] = 0.0; 
Wave[2] = 0.004928112; 
Wave[3] = 0.0019989014; 
Wave[4] = 0.005376339; 
Wave[5] = 0.0; 
Wave[6] = -0.002440691; 
Wave[7] = -0.0090020895; 
Wave[8] = -0.010442734; 
Wave[9] = -0.015740514; 
Wave[10] = -0.011705399; 
Wave[11] = -0.010694385; 
Wave[12] = -0.008651257; 
Wave[13] = -0.0031143427; 
Wave[14] = 0.0030641556; 
Wave[15] = 0.013626099; 
Wave[16] = 0.024288177; 
Wave[17] = 0.026031494; 
Wave[18] = 0.0227921; 
Wave[19] = 0.010971546; 
Wave[20] = -0.005567074; 
Wave[21] = -0.027104735; 
Wave[22] = -0.048897028; 
Wave[23] = -0.06585753; 
Wave[24] = -0.07543659; 
Wave[25] = -0.06464267; 
Wave[26] = -0.04123807; 
Wave[27] = -0.0024405718; 
Wave[28] = 0.047396183; 
Wave[29] = 0.08632982; 
Wave[30] = 0.10027504; 
Wave[31] = 0.1050539; 
Wave[32] = 0.10155487; 
Wave[33] = 0.08314097; 
Wave[34] = 0.06266141; 
Wave[35] = 0.045622826; 
Wave[36] = 0.02742052; 
Wave[37] = 0.007433057; 
Wave[38] = -0.004082203; 
Wave[39] = -0.01301682; 
Wave[40] = -0.017145157; 
Wave[41] = -0.018775225; 
Wave[42] = -0.023638964; 
Wave[43] = -0.023512244; 
Wave[44] = -0.02456522; 
Wave[45] = -0.021743894; 
Wave[46] = -0.027693033; 
Wave[47] = -0.026180983; 
Wave[48] = -0.03233528; 
Wave[49] = -0.032943726; 
Wave[50] = -0.032293558; 
Wave[51] = -0.031840086; 
Wave[52] = -0.022202492; 
Wave[53] = -0.016144514; 
Wave[54] = -0.008560419; 
Wave[55] = 0.0; 
Wave[56] = 0.008220673; 
Wave[57] = 0.006803751; 
Wave[58] = 0.0033371449; 
Wave[59] = -0.0045855045; 
Wave[60] = -0.0064344406; 
Wave[61] = -0.014961958; 
Wave[62] = -0.018792152; 
Wave[63] = -0.025049329; 
Wave[64] = -0.024559021; 
Wave[65] = -0.018243909; 
Wave[66] = -0.020922422; 
Wave[67] = -0.014319301; 
Wave[68] = -0.010921955; 
Wave[69] = -0.009859562; 
Wave[70] = -0.011846781; 
Wave[71] = -0.0062441826; 
Wave[72] = -0.008371353; 
Wave[73] = -0.008725882; 
Wave[74] = -0.0059986115; 
Wave[75] = -0.008484602; 
Wave[76] = -0.00248003; 
Wave[77] = 0.0; 
Wave[78] = 0.0; 
Wave[79] = 0.00554204; 
Wave[80] = 0.0036830902; 
Wave[81] = 0.008327246; 
Wave[82] = 0.008472681; 
Wave[83] = 0.008036971; 
Wave[84] = 0.0030970573; 
Wave[85] = 0.004678607; 
Wave[86] = 0.001578331; 
Wave[87] = -0.005247593; 
Wave[88] = -0.008586884; 
Wave[89] = -0.006480813; 
Wave[90] = -0.0073547363; 
Wave[91] = -0.0073274374; 
Wave[92] = -0.009256363; 
Wave[93] = -0.0056120157; 
Wave[94] = -0.0027079582; 
Wave[95] = -0.0054547787; 
Wave[96] = -0.0031356812; 
Wave[97] = 0.0012851954; 
Wave[98] = 0.0012969971; 
Wave[99] = 0.0012054443; 
Wave[100] = 0.0; 
Wave[101] = -0.0048263073; 
Wave[102] = -0.0024106503; 
Wave[103] = -0.009065151; 
Wave[104] = -0.008037567; 
Wave[105] = -0.012858391; 
Wave[106] = -0.012577772; 
Wave[107] = -0.012012839; 
Wave[108] = -0.009055138; 
Wave[109] = -0.008863211; 
Wave[110] = -0.0031926632; 
Wave[111] = -0.005382657; 
Wave[112] = 0.0014705658; 
Wave[113] = 0.004404545; 
Wave[114] = 0.004040718; 
Wave[115] = 0.008922815; 
Wave[116] = 0.006989002; 
Wave[117] = 0.0; 
Wave[118] = -0.004768133; 
Wave[119] = -0.003584385; 
Wave[120] = -0.009462357; 
Wave[121] = -0.0073058605; 
Wave[122] = -0.009303093; 
Wave[123] = -0.0064908266; 
Wave[124] = -0.006243229; 
Wave[125] = -0.0071344376; 
Wave[126] = -0.009557247; 
Wave[127] = -0.0027438402; 
Selected.WaveTable.set( 1 , Wave ); 

?> 
