#defaults=no 
#cm=OSC 
Wave=2 
<? 

float Wave[ 128 ]; 
Wave[0] = 0.0017089844; 
Wave[1] = 0.04426372; 
Wave[2] = 0.04652524; 
Wave[3] = 0.0; 
Wave[4] = 0.030693054; 
Wave[5] = 0.051565647; 
Wave[6] = 0.014380217; 
Wave[7] = 0.002393365; 
Wave[8] = 0.023452759; 
Wave[9] = 0.012050986; 
Wave[10] = 0.01775837; 
Wave[11] = 0.04184413; 
Wave[12] = 0.035838127; 
Wave[13] = 0.027891397; 
Wave[14] = 0.02808714; 
Wave[15] = 0.020407438; 
Wave[16] = 0.019464493; 
Wave[17] = 0.0225147; 
Wave[18] = 0.023099184; 
Wave[19] = 0.028652191; 
Wave[20] = 0.033724785; 
Wave[21] = 0.035305142; 
Wave[22] = 0.02358365; 
Wave[23] = 0.008449316; 
Wave[24] = -0.006855011; 
Wave[25] = -0.010657668; 
Wave[26] = -0.023780107; 
Wave[27] = -0.022412539; 
Wave[28] = -0.015007019; 
Wave[29] = -0.010632515; 
Wave[30] = -0.010028839; 
Wave[31] = -0.0076885223; 
Wave[32] = 0.0040740967; 
Wave[33] = 0.0; 
Wave[34] = -0.004720211; 
Wave[35] = -0.0070943832; 
Wave[36] = 0.0; 
Wave[37] = 0.0; 
Wave[38] = 0.00497365; 
Wave[39] = 0.009882927; 
Wave[40] = 0.01498127; 
Wave[41] = 0.015568972; 
Wave[42] = 0.015696287; 
Wave[43] = 0.01190567; 
Wave[44] = 0.0; 
Wave[45] = -0.00283432; 
Wave[46] = -0.008572817; 
Wave[47] = -0.008765101; 
Wave[48] = 0.0; 
Wave[49] = 0.003362894; 
Wave[50] = 0.015298843; 
Wave[51] = 0.019898772; 
Wave[52] = 0.014582157; 
Wave[53] = 0.018401742; 
Wave[54] = 0.018224; 
Wave[55] = 0.023973465; 
Wave[56] = 0.027035713; 
Wave[57] = 0.026795745; 
Wave[58] = 0.030364037; 
Wave[59] = 0.03155315; 
Wave[60] = 0.02186966; 
Wave[61] = 0.007585287; 
Wave[62] = 0.0; 
Wave[63] = -0.005132079; 
Wave[64] = -0.004272461; 
Wave[65] = 0.0027221441; 
Wave[66] = 0.028942585; 
Wave[67] = 0.06030333; 
Wave[68] = 0.03422451; 
Wave[69] = -0.01850915; 
Wave[70] = -0.022629976; 
Wave[71] = -0.025829792; 
Wave[72] = -0.048428535; 
Wave[73] = -0.07665205; 
Wave[74] = -0.08186102; 
Wave[75] = -0.07239771; 
Wave[76] = -0.05942011; 
Wave[77] = -0.03870225; 
Wave[78] = -0.01987505; 
Wave[79] = -0.012727857; 
Wave[80] = -0.011375427; 
Wave[81] = -0.011381388; 
Wave[82] = -0.019878864; 
Wave[83] = -0.026355267; 
Wave[84] = -0.025809288; 
Wave[85] = -0.02108097; 
Wave[86] = -0.0025362968; 
Wave[87] = 0.0030845404; 
Wave[88] = 0.002409935; 
Wave[89] = 0.0034219027; 
Wave[90] = 0.0058078766; 
Wave[91] = 0.004761219; 
Wave[92] = -0.0077605247; 
Wave[93] = -0.012630343; 
Wave[94] = -0.012191057; 
Wave[95] = -0.008945823; 
Wave[96] = 0.0; 
Wave[97] = 0.007855177; 
Wave[98] = 0.007087946; 
Wave[99] = 0.0066310167; 
Wave[100] = 0.0030059814; 
Wave[101] = -0.002880454; 
Wave[102] = -0.0028619766; 
Wave[103] = -0.0062437057; 
Wave[104] = -0.0063495636; 
Wave[105] = -0.007166028; 
Wave[106] = -0.012590647; 
Wave[107] = -0.01087594; 
Wave[108] = -0.020044804; 
Wave[109] = -0.02050066; 
Wave[110] = -0.01819992; 
Wave[111] = -0.019363165; 
Wave[112] = -0.022499084; 
Wave[113] = -0.023169994; 
Wave[114] = -0.019237041; 
Wave[115] = -0.016767144; 
Wave[116] = -0.0109119415; 
Wave[117] = -0.009125352; 
Wave[118] = -0.008854389; 
Wave[119] = -0.01271081; 
Wave[120] = -0.012425423; 
Wave[121] = -0.02004373; 
Wave[122] = -0.027431726; 
Wave[123] = -0.034024358; 
Wave[124] = -0.047016144; 
Wave[125] = -0.058566928; 
Wave[126] = -0.06959486; 
Wave[127] = -0.056559324; 
Selected.WaveTable.set( 1 , Wave ); 

?> 
