#defaults=no 
#cm=OSC 
Wave=2 
<? 

float Wave[ 128 ]; 
Wave[0] = 0.0; 
Wave[1] = 0.0; 
Wave[2] = 0.0016648769; 
Wave[3] = 0.001876831; 
Wave[4] = 0.0012774467; 
Wave[5] = -0.0049772263; 
Wave[6] = -0.008350849; 
Wave[7] = -0.012418032; 
Wave[8] = -0.009979248; 
Wave[9] = -0.012350321; 
Wave[10] = -0.0059025288; 
Wave[11] = 0.0011742115; 
Wave[12] = 0.0026249886; 
Wave[13] = 0.00555861; 
Wave[14] = 0.006750345; 
Wave[15] = 0.04193139; 
Wave[16] = 0.21087265; 
Wave[17] = -0.05884087; 
Wave[18] = -0.07336569; 
Wave[19] = -0.040561438; 
Wave[20] = -0.017909527; 
Wave[21] = -0.0021852255; 
Wave[22] = 0.016386986; 
Wave[23] = 0.01279211; 
Wave[24] = -0.0053195953; 
Wave[25] = -0.0027564764; 
Wave[26] = -0.005378723; 
Wave[27] = -0.009329915; 
Wave[28] = -0.004643917; 
Wave[29] = 0.008321762; 
Wave[30] = 0.006263733; 
Wave[31] = -0.0073877573; 
Wave[32] = -0.0104904175; 
Wave[33] = -0.015921354; 
Wave[34] = -0.011353016; 
Wave[35] = -0.006506443; 
Wave[36] = -0.0012741089; 
Wave[37] = 0.0; 
Wave[38] = 0.0; 
Wave[39] = -0.004510045; 
Wave[40] = -0.008500099; 
Wave[41] = -0.0035914183; 
Wave[42] = 0.0029759407; 
Wave[43] = 0.003466487; 
Wave[44] = 0.0; 
Wave[45] = 0.0052564144; 
Wave[46] = 0.0; 
Wave[47] = -0.005717635; 
Wave[48] = -0.0032730103; 
Wave[49] = -0.006405592; 
Wave[50] = -0.012979746; 
Wave[51] = -0.009010553; 
Wave[52] = 0.0014300346; 
Wave[53] = 0.0; 
Wave[54] = 0.001714468; 
Wave[55] = -0.004058957; 
Wave[56] = -0.0046930313; 
Wave[57] = -0.005797744; 
Wave[58] = -0.005520344; 
Wave[59] = -0.004543662; 
Wave[60] = -0.004422188; 
Wave[61] = -0.0043046474; 
Wave[62] = -0.004650593; 
Wave[63] = -0.0049506426; 
Wave[64] = -0.005493164; 
Wave[65] = -0.002101779; 
Wave[66] = -0.0045559406; 
Wave[67] = 0.0; 
Wave[68] = 0.0; 
Wave[69] = 0.0; 
Wave[70] = 0.0; 
Wave[71] = -0.0042853355; 
Wave[72] = 0.0; 
Wave[73] = 0.0015263557; 
Wave[74] = -0.004367113; 
Wave[75] = -0.004453063; 
Wave[76] = -0.0046133995; 
Wave[77] = 0.0; 
Wave[78] = -0.00502491; 
Wave[79] = -0.004692793; 
Wave[80] = -0.0043945312; 
Wave[81] = 0.0012556314; 
Wave[82] = 0.0013711452; 
Wave[83] = -0.004743576; 
Wave[84] = -0.005223751; 
Wave[85] = -0.0049626827; 
Wave[86] = -0.004761696; 
Wave[87] = -0.0046081543; 
Wave[88] = -0.004091263; 
Wave[89] = 0.0; 
Wave[90] = -0.004142523; 
Wave[91] = -0.0047141314; 
Wave[92] = -0.0050492287; 
Wave[93] = 0.0014766455; 
Wave[94] = 0.0; 
Wave[95] = -0.0050600767; 
Wave[96] = 0.0; 
Wave[97] = 0.0; 
Wave[98] = 0.0013036728; 
Wave[99] = -0.0019263029; 
Wave[100] = -0.004500866; 
Wave[101] = -0.0055931807; 
Wave[102] = -0.0027730465; 
Wave[103] = -0.0035079718; 
Wave[104] = -0.0035085678; 
Wave[105] = -0.004859805; 
Wave[106] = 0.0; 
Wave[107] = 0.00468874; 
Wave[108] = 0.003979683; 
Wave[109] = 0.0014208555; 
Wave[110] = 0.0; 
Wave[111] = -0.0042288303; 
Wave[112] = -0.0047721863; 
Wave[113] = 0.0; 
Wave[114] = 0.0010375977; 
Wave[115] = -0.001707077; 
Wave[116] = -0.0050725937; 
Wave[117] = -0.0039764643; 
Wave[118] = -0.0043246746; 
Wave[119] = -0.004437566; 
Wave[120] = 0.0; 
Wave[121] = 0.0012488365; 
Wave[122] = 0.0; 
Wave[123] = 0.0; 
Wave[124] = 0.0; 
Wave[125] = 0.0; 
Wave[126] = -0.004403591; 
Wave[127] = -0.0045892; 
Selected.WaveTable.set( 1 , Wave ); 

?> 
