#defaults=no 
#cm=OSC 
Wave=2 
<? 

float Wave[ 128 ]; 
Wave[0] = -0.0011901855; 
Wave[1] = 0.031251907; 
Wave[2] = 0.006518364; 
Wave[3] = -0.0115458965; 
Wave[4] = -0.024755478; 
Wave[5] = -0.024469137; 
Wave[6] = -0.020801544; 
Wave[7] = -0.019809723; 
Wave[8] = -0.01977539; 
Wave[9] = -0.031265497; 
Wave[10] = -0.038434982; 
Wave[11] = -0.041175842; 
Wave[12] = -0.047599792; 
Wave[13] = -0.047620773; 
Wave[14] = -0.03693056; 
Wave[15] = -0.027103186; 
Wave[16] = -0.014621735; 
Wave[17] = -0.0071418285; 
Wave[18] = -0.0064520836; 
Wave[19] = -0.0063056946; 
Wave[20] = -0.006887436; 
Wave[21] = -0.012376547; 
Wave[22] = -0.013056278; 
Wave[23] = -0.013915062; 
Wave[24] = -0.015008926; 
Wave[25] = -0.013863564; 
Wave[26] = -0.004225731; 
Wave[27] = 0.004751444; 
Wave[28] = 0.008312225; 
Wave[29] = 0.0061483383; 
Wave[30] = 0.003692627; 
Wave[31] = 0.0025641918; 
Wave[32] = 0.002380371; 
Wave[33] = 0.0031721592; 
Wave[34] = 0.007361412; 
Wave[35] = 0.0068953037; 
Wave[36] = 0.006026268; 
Wave[37] = 0.008012056; 
Wave[38] = 0.004887581; 
Wave[39] = 0.0; 
Wave[40] = -0.002544403; 
Wave[41] = -0.008254766; 
Wave[42] = -0.01478672; 
Wave[43] = -0.020167112; 
Wave[44] = -0.016509056; 
Wave[45] = -0.012952089; 
Wave[46] = -0.010602474; 
Wave[47] = -0.01254034; 
Wave[48] = -0.00995636; 
Wave[49] = -0.010843754; 
Wave[50] = -0.013249874; 
Wave[51] = -0.010667324; 
Wave[52] = -0.015910149; 
Wave[53] = -0.016210556; 
Wave[54] = -0.016120434; 
Wave[55] = -0.0144684315; 
Wave[56] = -0.014183044; 
Wave[57] = -0.017040491; 
Wave[58] = -0.014354229; 
Wave[59] = -0.02122426; 
Wave[60] = -0.024695396; 
Wave[61] = -0.028680563; 
Wave[62] = -0.03249359; 
Wave[63] = -0.030392885; 
Wave[64] = -0.035995483; 
Wave[65] = -0.03463888; 
Wave[66] = -0.03644705; 
Wave[67] = -0.024253607; 
Wave[68] = 0.0; 
Wave[69] = 0.023423433; 
Wave[70] = 0.0336442; 
Wave[71] = 0.032525063; 
Wave[72] = 0.02558899; 
Wave[73] = 0.03150034; 
Wave[74] = 0.040747643; 
Wave[75] = 0.036636114; 
Wave[76] = 0.026618004; 
Wave[77] = 0.025084734; 
Wave[78] = 0.02400589; 
Wave[79] = 0.032006025; 
Wave[80] = 0.034355164; 
Wave[81] = 0.034511328; 
Wave[82] = 0.026500225; 
Wave[83] = 0.018770933; 
Wave[84] = 0.014861107; 
Wave[85] = 0.0078549385; 
Wave[86] = 0.0031619072; 
Wave[87] = -0.0047528744; 
Wave[88] = -0.0021038055; 
Wave[89] = -0.002681017; 
Wave[90] = -0.007991791; 
Wave[91] = -0.0065665245; 
Wave[92] = -0.0073490143; 
Wave[93] = -0.0065267086; 
Wave[94] = -0.007593155; 
Wave[95] = -0.008775711; 
Wave[96] = -0.0025405884; 
Wave[97] = -0.005330801; 
Wave[98] = -0.0051527023; 
Wave[99] = 0.0; 
Wave[100] = 0.001499176; 
Wave[101] = 0.0014834404; 
Wave[102] = 0.0; 
Wave[103] = -0.0039937496; 
Wave[104] = 0.0014896393; 
Wave[105] = 0.004667759; 
Wave[106] = 0.0033669472; 
Wave[107] = 0.009406805; 
Wave[108] = 0.012069702; 
Wave[109] = 0.012414455; 
Wave[110] = 0.007426262; 
Wave[111] = 0.008664846; 
Wave[112] = 0.008079529; 
Wave[113] = 0.0028262138; 
Wave[114] = 0.002509594; 
Wave[115] = 0.002609253; 
Wave[116] = 0.008424759; 
Wave[117] = 0.007056713; 
Wave[118] = 0.012829781; 
Wave[119] = 0.01343441; 
Wave[120] = 0.013336182; 
Wave[121] = 0.010250807; 
Wave[122] = 0.010478973; 
Wave[123] = 0.013933897; 
Wave[124] = 0.03706646; 
Wave[125] = 0.06471825; 
Wave[126] = 0.043997765; 
Wave[127] = -0.011844158; 
Selected.WaveTable.set( 1 , Wave ); 

?> 
