#defaults=no 
#cm=OSC 
Wave=2 
<? 

float Wave[ 128 ]; 
Wave[0] = 0.002029419; 
Wave[1] = -0.0016994476; 
Wave[2] = -0.009234428; 
Wave[3] = -0.013637543; 
Wave[4] = -0.017671585; 
Wave[5] = -0.023251057; 
Wave[6] = -0.029306889; 
Wave[7] = -0.03496003; 
Wave[8] = -0.04324913; 
Wave[9] = -0.048892736; 
Wave[10] = -0.049969196; 
Wave[11] = -0.057111025; 
Wave[12] = -0.060199738; 
Wave[13] = -0.06198287; 
Wave[14] = -0.0614357; 
Wave[15] = -0.06720328; 
Wave[16] = -0.06796265; 
Wave[17] = -0.064748764; 
Wave[18] = -0.06511736; 
Wave[19] = -0.06481242; 
Wave[20] = -0.064689636; 
Wave[21] = -0.067818165; 
Wave[22] = -0.06689882; 
Wave[23] = -0.062189817; 
Wave[24] = -0.06113243; 
Wave[25] = -0.06433916; 
Wave[26] = -0.06321573; 
Wave[27] = -0.06223893; 
Wave[28] = -0.058335304; 
Wave[29] = -0.058212757; 
Wave[30] = -0.060786247; 
Wave[31] = -0.06319404; 
Wave[32] = -0.06362915; 
Wave[33] = -0.06392908; 
Wave[34] = -0.062672615; 
Wave[35] = -0.06137204; 
Wave[36] = -0.062114716; 
Wave[37] = -0.06615138; 
Wave[38] = -0.06672144; 
Wave[39] = -0.06661272; 
Wave[40] = -0.062120438; 
Wave[41] = -0.061731815; 
Wave[42] = -0.061864376; 
Wave[43] = -0.06289983; 
Wave[44] = -0.058703423; 
Wave[45] = -0.059037447; 
Wave[46] = -0.05362606; 
Wave[47] = -0.051012993; 
Wave[48] = -0.05050659; 
Wave[49] = -0.047570705; 
Wave[50] = -0.042445183; 
Wave[51] = -0.03961873; 
Wave[52] = -0.03813553; 
Wave[53] = -0.03132963; 
Wave[54] = -0.031568527; 
Wave[55] = -0.02743268; 
Wave[56] = -0.021409988; 
Wave[57] = -0.020254374; 
Wave[58] = -0.014848709; 
Wave[59] = -0.012912035; 
Wave[60] = -0.0076379776; 
Wave[61] = -0.007038355; 
Wave[62] = 0.0; 
Wave[63] = 0.001052618; 
Wave[64] = 0.00920105; 
Wave[65] = 0.008700609; 
Wave[66] = 0.016479492; 
Wave[67] = 0.01666665; 
Wave[68] = 0.024461746; 
Wave[69] = 0.024498224; 
Wave[70] = 0.032147884; 
Wave[71] = 0.03521681; 
Wave[72] = 0.036964417; 
Wave[73] = 0.045321703; 
Wave[74] = 0.046042442; 
Wave[75] = 0.052886963; 
Wave[76] = 0.05323124; 
Wave[77] = 0.05605197; 
Wave[78] = 0.058036804; 
Wave[79] = 0.060049772; 
Wave[80] = 0.061748505; 
Wave[81] = 0.0632391; 
Wave[82] = 0.06689167; 
Wave[83] = 0.06745911; 
Wave[84] = 0.06745911; 
Wave[85] = 0.06658721; 
Wave[86] = 0.06354618; 
Wave[87] = 0.0615952; 
Wave[88] = 0.06065941; 
Wave[89] = 0.061160326; 
Wave[90] = 0.06371975; 
Wave[91] = 0.06295776; 
Wave[92] = 0.06303501; 
Wave[93] = 0.063491344; 
Wave[94] = 0.06327677; 
Wave[95] = 0.06433225; 
Wave[96] = 0.060829163; 
Wave[97] = 0.061712027; 
Wave[98] = 0.062045574; 
Wave[99] = 0.06245303; 
Wave[100] = 0.06740761; 
Wave[101] = 0.06495929; 
Wave[102] = 0.06498623; 
Wave[103] = 0.06549811; 
Wave[104] = 0.06792641; 
Wave[105] = 0.07078147; 
Wave[106] = 0.06881714; 
Wave[107] = 0.06565523; 
Wave[108] = 0.06585598; 
Wave[109] = 0.06714535; 
Wave[110] = 0.062318325; 
Wave[111] = 0.0631423; 
Wave[112] = 0.057926178; 
Wave[113] = 0.05499482; 
Wave[114] = 0.05387163; 
Wave[115] = 0.050450325; 
Wave[116] = 0.047229767; 
Wave[117] = 0.043020725; 
Wave[118] = 0.039896965; 
Wave[119] = 0.035513878; 
Wave[120] = 0.032014847; 
Wave[121] = 0.027822018; 
Wave[122] = 0.022424221; 
Wave[123] = 0.020467043; 
Wave[124] = 0.015250206; 
Wave[125] = 0.0128314495; 
Wave[126] = 0.0064258575; 
Wave[127] = 0.0062203407; 
Selected.WaveTable.set( 1 , Wave ); 

?> 
