#defaults=no 
#cm=OSC 
Wave=2 
<? 

float Wave[ 128 ]; 
Wave[0] = 0.0; 
Wave[1] = 0.0033272505; 
Wave[2] = 0.012256622; 
Wave[3] = 0.02009523; 
Wave[4] = 0.024142742; 
Wave[5] = 0.035360813; 
Wave[6] = 0.041170597; 
Wave[7] = 0.046705246; 
Wave[8] = 0.052326202; 
Wave[9] = 0.05421126; 
Wave[10] = 0.055571795; 
Wave[11] = 0.04945779; 
Wave[12] = 0.046278954; 
Wave[13] = 0.03841555; 
Wave[14] = 0.030671835; 
Wave[15] = 0.023672342; 
Wave[16] = 0.01768303; 
Wave[17] = 0.0027635098; 
Wave[18] = -0.019038439; 
Wave[19] = -0.036024332; 
Wave[20] = -0.056471825; 
Wave[21] = -0.073191404; 
Wave[22] = -0.08250618; 
Wave[23] = -0.09171927; 
Wave[24] = -0.099583626; 
Wave[25] = -0.10264635; 
Wave[26] = -0.10002136; 
Wave[27] = -0.099971294; 
Wave[28] = -0.101260185; 
Wave[29] = -0.10401344; 
Wave[30] = -0.102353096; 
Wave[31] = -0.09447098; 
Wave[32] = -0.084503174; 
Wave[33] = -0.07378471; 
Wave[34] = -0.06666732; 
Wave[35] = -0.058193326; 
Wave[36] = -0.028187275; 
Wave[37] = -0.002662778; 
Wave[38] = 0.019250393; 
Wave[39] = 0.033409357; 
Wave[40] = 0.046157837; 
Wave[41] = 0.050413013; 
Wave[42] = 0.05227709; 
Wave[43] = 0.042590737; 
Wave[44] = 0.03539276; 
Wave[45] = 0.027187705; 
Wave[46] = 0.026950598; 
Wave[47] = 0.03183937; 
Wave[48] = 0.038476944; 
Wave[49] = 0.045776367; 
Wave[50] = 0.05096817; 
Wave[51] = 0.0608294; 
Wave[52] = 0.06083536; 
Wave[53] = 0.061170816; 
Wave[54] = 0.06134677; 
Wave[55] = 0.055627584; 
Wave[56] = 0.043676376; 
Wave[57] = 0.038847923; 
Wave[58] = 0.026103258; 
Wave[59] = 0.022208929; 
Wave[60] = 0.015183926; 
Wave[61] = 0.008690357; 
Wave[62] = 0.0032000542; 
Wave[63] = 0.0; 
Wave[64] = -0.0024414062; 
Wave[65] = -0.003961444; 
Wave[66] = -0.007937193; 
Wave[67] = -0.01020062; 
Wave[68] = -0.014190197; 
Wave[69] = -0.020032525; 
Wave[70] = -0.019223452; 
Wave[71] = -0.022470951; 
Wave[72] = -0.028077126; 
Wave[73] = -0.032577872; 
Wave[74] = -0.037069798; 
Wave[75] = -0.042653203; 
Wave[76] = -0.054171562; 
Wave[77] = -0.059851646; 
Wave[78] = -0.06390047; 
Wave[79] = -0.05847335; 
Wave[80] = -0.052022934; 
Wave[81] = -0.036917448; 
Wave[82] = -0.016522408; 
Wave[83] = 0.0024353266; 
Wave[84] = 0.028101921; 
Wave[85] = 0.043833256; 
Wave[86] = 0.060897827; 
Wave[87] = 0.06701255; 
Wave[88] = 0.07012081; 
Wave[89] = 0.071908474; 
Wave[90] = 0.0718832; 
Wave[91] = 0.067007065; 
Wave[92] = 0.06504059; 
Wave[93] = 0.06498468; 
Wave[94] = 0.06817341; 
Wave[95] = 0.07445884; 
Wave[96] = 0.07797241; 
Wave[97] = 0.0766623; 
Wave[98] = 0.071280956; 
Wave[99] = 0.058701158; 
Wave[100] = 0.045386314; 
Wave[101] = 0.021993995; 
Wave[102] = 0.0013790131; 
Wave[103] = -0.01974821; 
Wave[104] = -0.032346725; 
Wave[105] = -0.04625714; 
Wave[106] = -0.05845976; 
Wave[107] = -0.059914827; 
Wave[108] = -0.059717655; 
Wave[109] = -0.05621445; 
Wave[110] = -0.048360825; 
Wave[111] = -0.039545655; 
Wave[112] = -0.033226013; 
Wave[113] = -0.027883649; 
Wave[114] = -0.023243904; 
Wave[115] = -0.021222353; 
Wave[116] = -0.016361713; 
Wave[117] = -0.014977813; 
Wave[118] = -0.010700703; 
Wave[119] = -0.006733179; 
Wave[120] = -0.008997917; 
Wave[121] = -0.008128285; 
Wave[122] = -0.0037209988; 
Wave[123] = -0.0035865307; 
Wave[124] = -0.006505966; 
Wave[125] = -0.0038257837; 
Wave[126] = -0.0028004646; 
Wave[127] = -0.004576087; 
Selected.WaveTable.set( 1 , Wave ); 

?> 
