#defaults=no 
#cm=OSC 
Wave=2 
<? 

float Wave[ 128 ]; 
Wave[0] = -0.0040283203; 
Wave[1] = -0.0027923584; 
Wave[2] = -0.009719849; 
Wave[3] = -0.007637024; 
Wave[4] = -0.011001587; 
Wave[5] = -0.011241913; 
Wave[6] = -0.008872986; 
Wave[7] = 0.003528595; 
Wave[8] = 0.022571564; 
Wave[9] = 0.05837679; 
Wave[10] = 0.10870838; 
Wave[11] = 0.07544279; 
Wave[12] = -0.05031967; 
Wave[13] = -0.085235596; 
Wave[14] = -0.05185795; 
Wave[15] = -0.014023304; 
Wave[16] = 0.0069732666; 
Wave[17] = 0.012893677; 
Wave[18] = 0.005408287; 
Wave[19] = -0.0042204857; 
Wave[20] = -0.005498886; 
Wave[21] = 0.0047798157; 
Wave[22] = 0.0072784424; 
Wave[23] = 0.009029865; 
Wave[24] = -0.008098602; 
Wave[25] = -0.02024889; 
Wave[26] = -0.019126892; 
Wave[27] = -0.0075531006; 
Wave[28] = 0.0015106201; 
Wave[29] = 0.0053634644; 
Wave[30] = 0.002784729; 
Wave[31] = 0.005821228; 
Wave[32] = 0.0052337646; 
Wave[33] = 0.0022888184; 
Wave[34] = 0.0025482178; 
Wave[35] = 0.0020561218; 
Wave[36] = 0.005722046; 
Wave[37] = 0.0; 
Wave[38] = -0.0028915405; 
Wave[39] = -0.005519867; 
Wave[40] = -0.008377075; 
Wave[41] = -0.0067710876; 
Wave[42] = -0.0045804977; 
Wave[43] = 0.0; 
Wave[44] = 0.0; 
Wave[45] = 0.0016212463; 
Wave[46] = -0.0012512207; 
Wave[47] = -0.005012512; 
Wave[48] = -0.005844116; 
Wave[49] = -0.002117157; 
Wave[50] = -0.0021591187; 
Wave[51] = -0.0017242432; 
Wave[52] = -0.0012359619; 
Wave[53] = 0.001625061; 
Wave[54] = 0.0010147095; 
Wave[55] = -0.0016021729; 
Wave[56] = 0.0; 
Wave[57] = 0.0012207031; 
Wave[58] = 0.0011749268; 
Wave[59] = 0.0012435913; 
Wave[60] = 0.0; 
Wave[61] = 0.004611969; 
Wave[62] = 0.0; 
Wave[63] = -0.005241394; 
Wave[64] = 0.0; 
Wave[65] = -0.0040283203; 
Wave[66] = 0.0; 
Wave[67] = 0.0; 
Wave[68] = -0.0016784668; 
Wave[69] = -0.00578928; 
Wave[70] = -0.004852295; 
Wave[71] = -0.0012893677; 
Wave[72] = -0.001083374; 
Wave[73] = -0.0015678406; 
Wave[74] = 0.00178051; 
Wave[75] = -0.004432678; 
Wave[76] = -0.005126953; 
Wave[77] = -0.005542755; 
Wave[78] = 0.0; 
Wave[79] = -0.0044517517; 
Wave[80] = 0.0; 
Wave[81] = 0.0057640076; 
Wave[82] = 0.004219055; 
Wave[83] = 0.0043792725; 
Wave[84] = 0.0; 
Wave[85] = 0.0; 
Wave[86] = -0.004966736; 
Wave[87] = -0.0045700073; 
Wave[88] = -0.0048828125; 
Wave[89] = 0.0; 
Wave[90] = 0.0011978149; 
Wave[91] = 0.0; 
Wave[92] = 0.0; 
Wave[93] = -0.0017127991; 
Wave[94] = -0.0016174316; 
Wave[95] = 0.0017089844; 
Wave[96] = 0.005584717; 
Wave[97] = 0.0046310425; 
Wave[98] = -0.0018386841; 
Wave[99] = 0.0; 
Wave[100] = 0.0; 
Wave[101] = -0.004169464; 
Wave[102] = -0.005569458; 
Wave[103] = -0.005207062; 
Wave[104] = 0.0; 
Wave[105] = -0.0016365051; 
Wave[106] = -0.0012741089; 
Wave[107] = 0.0017876625; 
Wave[108] = 0.0; 
Wave[109] = 0.0; 
Wave[110] = 0.001045227; 
Wave[111] = 0.0014648438; 
Wave[112] = 0.0; 
Wave[113] = -0.0010490417; 
Wave[114] = 0.0012207031; 
Wave[115] = 0.0016365051; 
Wave[116] = 0.001663208; 
Wave[117] = 0.0010986328; 
Wave[118] = 0.0018157959; 
Wave[119] = -0.0018463135; 
Wave[120] = 0.0010375977; 
Wave[121] = 0.0; 
Wave[122] = 0.0; 
Wave[123] = 0.0; 
Wave[124] = 0.0013427734; 
Wave[125] = 0.0013313293; 
Wave[126] = 0.0; 
Wave[127] = 0.0; 
Selected.WaveTable.set( 1 , Wave ); 

?> 
