#defaults=no 
#cm=OSC 
Wave=2 
<? 

float Wave[ 128 ]; 
Wave[0] = 0.0; 
Wave[1] = 0.004629612; 
Wave[2] = 0.009116173; 
Wave[3] = 0.0062127113; 
Wave[4] = 0.0035648346; 
Wave[5] = 0.0; 
Wave[6] = -0.014251709; 
Wave[7] = -0.024388313; 
Wave[8] = -0.02930069; 
Wave[9] = -0.02767229; 
Wave[10] = -0.0056915283; 
Wave[11] = -0.003897667; 
Wave[12] = -0.0034694672; 
Wave[13] = -0.0058398247; 
Wave[14] = 0.001625061; 
Wave[15] = 0.010607243; 
Wave[16] = 0.014343262; 
Wave[17] = 0.018902779; 
Wave[18] = 0.02218914; 
Wave[19] = 0.015526772; 
Wave[20] = 0.0072422028; 
Wave[21] = -0.0072903633; 
Wave[22] = -0.01683712; 
Wave[23] = -0.015438557; 
Wave[24] = -0.02091217; 
Wave[25] = -0.016139984; 
Wave[26] = -0.020741463; 
Wave[27] = -0.014009953; 
Wave[28] = -0.011053085; 
Wave[29] = 0.00600338; 
Wave[30] = 0.017838478; 
Wave[31] = 0.022875309; 
Wave[32] = 0.02671814; 
Wave[33] = 0.023304462; 
Wave[34] = 0.019996643; 
Wave[35] = 0.0; 
Wave[36] = -0.010066986; 
Wave[37] = -0.021492481; 
Wave[38] = -0.036234856; 
Wave[39] = -0.042655468; 
Wave[40] = -0.051570892; 
Wave[41] = -0.03798771; 
Wave[42] = -0.019963264; 
Wave[43] = 0.0064263344; 
Wave[44] = 0.029598236; 
Wave[45] = 0.04672289; 
Wave[46] = 0.061966896; 
Wave[47] = 0.0652585; 
Wave[48] = 0.060325623; 
Wave[49] = 0.046200752; 
Wave[50] = 0.027643204; 
Wave[51] = -0.00473547; 
Wave[52] = -0.063100815; 
Wave[53] = -0.12608242; 
Wave[54] = -0.14956665; 
Wave[55] = -0.12989044; 
Wave[56] = -0.08065033; 
Wave[57] = -0.005195141; 
Wave[58] = 0.075642586; 
Wave[59] = 0.1447463; 
Wave[60] = 0.15890503; 
Wave[61] = 0.14815235; 
Wave[62] = 0.14071846; 
Wave[63] = 0.13336325; 
Wave[64] = 0.14544678; 
Wave[65] = 0.15306187; 
Wave[66] = 0.10287857; 
Wave[67] = 0.02096939; 
Wave[68] = -0.028932571; 
Wave[69] = -0.043965816; 
Wave[70] = -0.037070274; 
Wave[71] = -0.019695759; 
Wave[72] = -0.0062332153; 
Wave[73] = -0.015808582; 
Wave[74] = -0.03157711; 
Wave[75] = -0.03756571; 
Wave[76] = -0.046495438; 
Wave[77] = -0.05350113; 
Wave[78] = -0.049655914; 
Wave[79] = -0.04792261; 
Wave[80] = -0.048210144; 
Wave[81] = -0.051770687; 
Wave[82] = -0.044688225; 
Wave[83] = -0.02580452; 
Wave[84] = -0.0025501251; 
Wave[85] = 0.01630783; 
Wave[86] = 0.024982452; 
Wave[87] = 0.024159431; 
Wave[88] = 0.007511139; 
Wave[89] = -0.010181904; 
Wave[90] = -0.02462101; 
Wave[91] = -0.025628567; 
Wave[92] = -0.026086807; 
Wave[93] = -0.022450924; 
Wave[94] = -0.027934074; 
Wave[95] = -0.035245895; 
Wave[96] = -0.04144287; 
Wave[97] = -0.03665161; 
Wave[98] = -0.019388199; 
Wave[99] = -0.010184288; 
Wave[100] = -0.006219864; 
Wave[101] = -0.0030984879; 
Wave[102] = -0.008834839; 
Wave[103] = -0.012274265; 
Wave[104] = -0.01612091; 
Wave[105] = -0.024735928; 
Wave[106] = -0.023573875; 
Wave[107] = -0.016499043; 
Wave[108] = -0.0038146973; 
Wave[109] = 0.0; 
Wave[110] = 0.004942894; 
Wave[111] = 0.004615307; 
Wave[112] = 0.0024642944; 
Wave[113] = 0.00629282; 
Wave[114] = 0.007534027; 
Wave[115] = 0.006624222; 
Wave[116] = 0.003107071; 
Wave[117] = 0.0; 
Wave[118] = -0.0030794144; 
Wave[119] = -0.011385441; 
Wave[120] = -0.018619537; 
Wave[121] = -0.0251832; 
Wave[122] = -0.01934719; 
Wave[123] = -0.013524532; 
Wave[124] = -0.0074653625; 
Wave[125] = -0.0049414635; 
Wave[126] = -0.004258156; 
Wave[127] = -0.0056786537; 
Selected.WaveTable.set( 1 , Wave ); 

?> 
