#defaults=no 
#cm=OSC 
Wave=2 
<? 

float Wave[ 128 ]; 
Wave[0] = 0.0; 
Wave[1] = 0.010532856; 
Wave[2] = 0.014847994; 
Wave[3] = 0.015550494; 
Wave[4] = 0.020632744; 
Wave[5] = 0.02134478; 
Wave[6] = 0.01805234; 
Wave[7] = 0.018511295; 
Wave[8] = 0.017978668; 
Wave[9] = 0.019210935; 
Wave[10] = 0.015705585; 
Wave[11] = 0.016867042; 
Wave[12] = 0.014032841; 
Wave[13] = 0.015082002; 
Wave[14] = 0.014835358; 
Wave[15] = 0.014727235; 
Wave[16] = 0.016592026; 
Wave[17] = 0.015964985; 
Wave[18] = 0.011581659; 
Wave[19] = 0.008884668; 
Wave[20] = 0.0084991455; 
Wave[21] = 0.0027723312; 
Wave[22] = 0.0048143864; 
Wave[23] = 0.0051704645; 
Wave[24] = 0.0046653748; 
Wave[25] = 0.004836917; 
Wave[26] = 0.0023019314; 
Wave[27] = 0.009031415; 
Wave[28] = 0.011784077; 
Wave[29] = 0.015876174; 
Wave[30] = 0.020666838; 
Wave[31] = 0.024030209; 
Wave[32] = 0.027236938; 
Wave[33] = 0.03006506; 
Wave[34] = 0.030396938; 
Wave[35] = 0.036106467; 
Wave[36] = 0.03454113; 
Wave[37] = 0.036968946; 
Wave[38] = 0.035904884; 
Wave[39] = 0.030432582; 
Wave[40] = 0.03309822; 
Wave[41] = 0.03224647; 
Wave[42] = 0.031466007; 
Wave[43] = 0.027044892; 
Wave[44] = 0.029237747; 
Wave[45] = 0.030013442; 
Wave[46] = 0.035906076; 
Wave[47] = 0.034192443; 
Wave[48] = 0.040016174; 
Wave[49] = 0.04086876; 
Wave[50] = 0.037083864; 
Wave[51] = 0.035325408; 
Wave[52] = 0.03067398; 
Wave[53] = 0.027635694; 
Wave[54] = 0.027519941; 
Wave[55] = 0.022658706; 
Wave[56] = 0.024176598; 
Wave[57] = 0.018881321; 
Wave[58] = 0.017670631; 
Wave[59] = 0.016130686; 
Wave[60] = 0.01014328; 
Wave[61] = 0.009878397; 
Wave[62] = 0.008251667; 
Wave[63] = 0.0; 
Wave[64] = -0.0045166016; 
Wave[65] = -0.011367679; 
Wave[66] = -0.016255856; 
Wave[67] = -0.021869183; 
Wave[68] = -0.027901173; 
Wave[69] = -0.031960487; 
Wave[70] = -0.029835224; 
Wave[71] = -0.030065179; 
Wave[72] = -0.029791832; 
Wave[73] = -0.03197801; 
Wave[74] = -0.03182745; 
Wave[75] = -0.026856065; 
Wave[76] = -0.020674706; 
Wave[77] = -0.014898181; 
Wave[78] = -0.01175189; 
Wave[79] = -0.0062937737; 
Wave[80] = -0.0033683777; 
Wave[81] = -0.002546072; 
Wave[82] = -0.0036113262; 
Wave[83] = -0.008654237; 
Wave[84] = -0.009785652; 
Wave[85] = -0.010606289; 
Wave[86] = -0.016629219; 
Wave[87] = -0.017677784; 
Wave[88] = -0.017925262; 
Wave[89] = -0.018733025; 
Wave[90] = -0.018711567; 
Wave[91] = -0.018509746; 
Wave[92] = -0.018836498; 
Wave[93] = -0.019415736; 
Wave[94] = -0.02401495; 
Wave[95] = -0.024929047; 
Wave[96] = -0.022441864; 
Wave[97] = -0.02822268; 
Wave[98] = -0.028815508; 
Wave[99] = -0.032635093; 
Wave[100] = -0.030102253; 
Wave[101] = -0.03366804; 
Wave[102] = -0.034083128; 
Wave[103] = -0.034203053; 
Wave[104] = -0.034858704; 
Wave[105] = -0.034544706; 
Wave[106] = -0.036699533; 
Wave[107] = -0.030111551; 
Wave[108] = -0.03130102; 
Wave[109] = -0.02660501; 
Wave[110] = -0.024903774; 
Wave[111] = -0.022056341; 
Wave[112] = -0.024887085; 
Wave[113] = -0.020677447; 
Wave[114] = -0.01893282; 
Wave[115] = -0.023948431; 
Wave[116] = -0.023260593; 
Wave[117] = -0.02562797; 
Wave[118] = -0.03246188; 
Wave[119] = -0.030646801; 
Wave[120] = -0.035391808; 
Wave[121] = -0.035528302; 
Wave[122] = -0.0352695; 
Wave[123] = -0.03054607; 
Wave[124] = -0.026252747; 
Wave[125] = -0.025374293; 
Wave[126] = -0.019215345; 
Wave[127] = -0.007668495; 
Selected.WaveTable.set( 1 , Wave ); 

?> 
