#defaults=no 
#cm=OSC 
Wave=2 
<? 

float Wave[ 128 ]; 
Wave[0] = 0.0; 
Wave[1] = 0.0012273788; 
Wave[2] = 0.0032920837; 
Wave[3] = 0.008277416; 
Wave[4] = 0.00825882; 
Wave[5] = 0.0043463707; 
Wave[6] = 0.0; 
Wave[7] = -0.0012903214; 
Wave[8] = -0.006477356; 
Wave[9] = -0.007628441; 
Wave[10] = -0.010098457; 
Wave[11] = -0.0106806755; 
Wave[12] = -0.013120651; 
Wave[13] = -0.009838581; 
Wave[14] = -0.006163597; 
Wave[15] = -0.008911133; 
Wave[16] = -0.009307861; 
Wave[17] = -0.015851974; 
Wave[18] = -0.021793365; 
Wave[19] = -0.024535656; 
Wave[20] = -0.03612137; 
Wave[21] = -0.039497375; 
Wave[22] = -0.045544624; 
Wave[23] = -0.046616077; 
Wave[24] = -0.051937103; 
Wave[25] = -0.050667763; 
Wave[26] = -0.0469141; 
Wave[27] = -0.04325819; 
Wave[28] = -0.040172577; 
Wave[29] = -0.033475876; 
Wave[30] = -0.030205727; 
Wave[31] = -0.023709297; 
Wave[32] = -0.020019531; 
Wave[33] = -0.011184216; 
Wave[34] = -0.0071439743; 
Wave[35] = -0.006980419; 
Wave[36] = -0.012563705; 
Wave[37] = -0.01559639; 
Wave[38] = -0.023543358; 
Wave[39] = -0.03289652; 
Wave[40] = -0.04278183; 
Wave[41] = -0.048989296; 
Wave[42] = -0.05194378; 
Wave[43] = -0.058700085; 
Wave[44] = -0.060297012; 
Wave[45] = -0.051751137; 
Wave[46] = -0.043928146; 
Wave[47] = -0.031306744; 
Wave[48] = -0.009681702; 
Wave[49] = 0.01155138; 
Wave[50] = 0.023963928; 
Wave[51] = 0.02875328; 
Wave[52] = 0.022388458; 
Wave[53] = 0.022881985; 
Wave[54] = 0.020311356; 
Wave[55] = 0.016331196; 
Wave[56] = 0.011249542; 
Wave[57] = 0.008193016; 
Wave[58] = 0.00911808; 
Wave[59] = 0.011620998; 
Wave[60] = 0.020788193; 
Wave[61] = 0.030538082; 
Wave[62] = 0.03942585; 
Wave[63] = 0.04580784; 
Wave[64] = 0.04460144; 
Wave[65] = 0.033364773; 
Wave[66] = 0.021280289; 
Wave[67] = 0.011461735; 
Wave[68] = 0.0; 
Wave[69] = -0.015133381; 
Wave[70] = -0.018050194; 
Wave[71] = -0.024375916; 
Wave[72] = -0.024021149; 
Wave[73] = -0.020779133; 
Wave[74] = -0.014593124; 
Wave[75] = -0.0081887245; 
Wave[76] = -0.0027618408; 
Wave[77] = 0.0031704903; 
Wave[78] = 0.0068559647; 
Wave[79] = 0.008559227; 
Wave[80] = 0.012840271; 
Wave[81] = 0.023470879; 
Wave[82] = 0.027022362; 
Wave[83] = 0.032393456; 
Wave[84] = 0.040296555; 
Wave[85] = 0.043320656; 
Wave[86] = 0.043255806; 
Wave[87] = 0.041272163; 
Wave[88] = 0.04233551; 
Wave[89] = 0.039252758; 
Wave[90] = 0.034096718; 
Wave[91] = 0.030406952; 
Wave[92] = 0.028291702; 
Wave[93] = 0.028738976; 
Wave[94] = 0.028359413; 
Wave[95] = 0.025804043; 
Wave[96] = 0.026397705; 
Wave[97] = 0.028950214; 
Wave[98] = 0.026072502; 
Wave[99] = 0.028548717; 
Wave[100] = 0.027797699; 
Wave[101] = 0.028270721; 
Wave[102] = 0.028240204; 
Wave[103] = 0.027597904; 
Wave[104] = 0.02884674; 
Wave[105] = 0.03129244; 
Wave[106] = 0.035022736; 
Wave[107] = 0.038094997; 
Wave[108] = 0.05167389; 
Wave[109] = 0.058825016; 
Wave[110] = 0.05619812; 
Wave[111] = 0.03916931; 
Wave[112] = 0.0154953; 
Wave[113] = -0.0011715889; 
Wave[114] = -0.014714241; 
Wave[115] = -0.029966354; 
Wave[116] = -0.037675858; 
Wave[117] = -0.046408653; 
Wave[118] = -0.05320549; 
Wave[119] = -0.053661823; 
Wave[120] = -0.05357361; 
Wave[121] = -0.05367899; 
Wave[122] = -0.0472641; 
Wave[123] = -0.03902197; 
Wave[124] = -0.028297424; 
Wave[125] = -0.021268368; 
Wave[126] = -0.009324074; 
Wave[127] = -0.0046806335; 
Selected.WaveTable.set( 1 , Wave ); 

?> 
