#defaults=no 
#cm=OSC 
Wave=2 
<? 

float Wave[ 128 ]; 
Wave[0] = 0.0; 
Wave[1] = 0.004394293; 
Wave[2] = 0.004096031; 
Wave[3] = 0.008551121; 
Wave[4] = 0.008314133; 
Wave[5] = 0.014941454; 
Wave[6] = 0.014293671; 
Wave[7] = 0.019462347; 
Wave[8] = 0.023860931; 
Wave[9] = 0.022589684; 
Wave[10] = 0.028054237; 
Wave[11] = 0.029863834; 
Wave[12] = 0.033044815; 
Wave[13] = 0.03062582; 
Wave[14] = 0.032908916; 
Wave[15] = 0.036351442; 
Wave[16] = 0.036273956; 
Wave[17] = 0.040904284; 
Wave[18] = 0.0420022; 
Wave[19] = 0.041845083; 
Wave[20] = 0.041727066; 
Wave[21] = 0.041884422; 
Wave[22] = 0.047448635; 
Wave[23] = 0.04907942; 
Wave[24] = 0.05185318; 
Wave[25] = 0.050759315; 
Wave[26] = 0.0456357; 
Wave[27] = 0.046600103; 
Wave[28] = 0.0519228; 
Wave[29] = 0.05543804; 
Wave[30] = 0.053345203; 
Wave[31] = 0.05373335; 
Wave[32] = 0.05303192; 
Wave[33] = 0.05545163; 
Wave[34] = 0.05287981; 
Wave[35] = 0.053112745; 
Wave[36] = 0.05657959; 
Wave[37] = 0.05581522; 
Wave[38] = 0.05484152; 
Wave[39] = 0.055419922; 
Wave[40] = 0.05507469; 
Wave[41] = 0.050396442; 
Wave[42] = 0.047747612; 
Wave[43] = 0.04510522; 
Wave[44] = 0.04815674; 
Wave[45] = 0.048309326; 
Wave[46] = 0.046660423; 
Wave[47] = 0.04220748; 
Wave[48] = 0.040107727; 
Wave[49] = 0.034165382; 
Wave[50] = 0.03357029; 
Wave[51] = 0.032162428; 
Wave[52] = 0.03145218; 
Wave[53] = 0.028533697; 
Wave[54] = 0.024366856; 
Wave[55] = 0.018527031; 
Wave[56] = 0.018859863; 
Wave[57] = 0.012117863; 
Wave[58] = 0.006216526; 
Wave[59] = 0.0037293434; 
Wave[60] = 0.0020446777; 
Wave[61] = 0.0038378239; 
Wave[62] = -0.0010709763; 
Wave[63] = -0.0065972805; 
Wave[64] = -0.0068206787; 
Wave[65] = -0.014189482; 
Wave[66] = -0.015502453; 
Wave[67] = -0.021431208; 
Wave[68] = -0.024487495; 
Wave[69] = -0.022785425; 
Wave[70] = -0.02589941; 
Wave[71] = -0.032301664; 
Wave[72] = -0.034082413; 
Wave[73] = -0.03949642; 
Wave[74] = -0.03822851; 
Wave[75] = -0.038903475; 
Wave[76] = -0.042803764; 
Wave[77] = -0.04374242; 
Wave[78] = -0.04799509; 
Wave[79] = -0.051343918; 
Wave[80] = -0.05160141; 
Wave[81] = -0.050494194; 
Wave[82] = -0.049164772; 
Wave[83] = -0.05506587; 
Wave[84] = -0.054693222; 
Wave[85] = -0.058361292; 
Wave[86] = -0.055498123; 
Wave[87] = -0.056513786; 
Wave[88] = -0.054567337; 
Wave[89] = -0.059173584; 
Wave[90] = -0.060197353; 
Wave[91] = -0.059706688; 
Wave[92] = -0.05742073; 
Wave[93] = -0.058104753; 
Wave[94] = -0.058751583; 
Wave[95] = -0.06287861; 
Wave[96] = -0.06048584; 
Wave[97] = -0.058102608; 
Wave[98] = -0.056981564; 
Wave[99] = -0.057225943; 
Wave[100] = -0.05744934; 
Wave[101] = -0.05759549; 
Wave[102] = -0.059924126; 
Wave[103] = -0.05507779; 
Wave[104] = -0.05322075; 
Wave[105] = -0.05656433; 
Wave[106] = -0.05553913; 
Wave[107] = -0.050702572; 
Wave[108] = -0.052329063; 
Wave[109] = -0.0502944; 
Wave[110] = -0.045293808; 
Wave[111] = -0.04753399; 
Wave[112] = -0.041519165; 
Wave[113] = -0.038486958; 
Wave[114] = -0.0381999; 
Wave[115] = -0.03543377; 
Wave[116] = -0.033698082; 
Wave[117] = -0.033696175; 
Wave[118] = -0.031126976; 
Wave[119] = -0.027760744; 
Wave[120] = -0.02508545; 
Wave[121] = -0.018838644; 
Wave[122] = -0.017799377; 
Wave[123] = -0.014909267; 
Wave[124] = -0.012734413; 
Wave[125] = -0.012088299; 
Wave[126] = -0.008869171; 
Wave[127] = -0.0047023296; 
Selected.WaveTable.set( 1 , Wave ); 

?> 
