#defaults=no 
#cm=OSC 
Wave=2 
<? 

float Wave[ 128 ]; 
Wave[0] = 0.0; 
Wave[1] = -0.004005432; 
Wave[2] = -0.0066285133; 
Wave[3] = 0.0; 
Wave[4] = 0.019791603; 
Wave[5] = 0.037457824; 
Wave[6] = 0.05508256; 
Wave[7] = 0.071572065; 
Wave[8] = 0.06882095; 
Wave[9] = 0.070782065; 
Wave[10] = 0.07214618; 
Wave[11] = 0.07307935; 
Wave[12] = 0.080741405; 
Wave[13] = 0.08407688; 
Wave[14] = 0.07027364; 
Wave[15] = 0.04684925; 
Wave[16] = 0.017894745; 
Wave[17] = -0.0054596663; 
Wave[18] = -0.037003517; 
Wave[19] = -0.06297922; 
Wave[20] = -0.08006477; 
Wave[21] = -0.08683705; 
Wave[22] = -0.08278227; 
Wave[23] = -0.07211542; 
Wave[24] = -0.071089745; 
Wave[25] = -0.07200575; 
Wave[26] = -0.0632503; 
Wave[27] = -0.043871045; 
Wave[28] = -0.027749062; 
Wave[29] = -0.021314263; 
Wave[30] = -0.014546394; 
Wave[31] = -0.019697905; 
Wave[32] = -0.014312744; 
Wave[33] = -0.0036554337; 
Wave[34] = 0.0047545433; 
Wave[35] = 0.0; 
Wave[36] = -0.009300709; 
Wave[37] = -0.022516489; 
Wave[38] = -0.030153751; 
Wave[39] = -0.02350688; 
Wave[40] = -0.011940956; 
Wave[41] = -0.015121579; 
Wave[42] = -0.027087212; 
Wave[43] = -0.02850008; 
Wave[44] = -0.0064840317; 
Wave[45] = 0.005622506; 
Wave[46] = 0.0013813972; 
Wave[47] = 0.0; 
Wave[48] = 0.025764465; 
Wave[49] = 0.05177486; 
Wave[50] = 0.061841488; 
Wave[51] = 0.05845833; 
Wave[52] = 0.058061123; 
Wave[53] = 0.066195965; 
Wave[54] = 0.06315017; 
Wave[55] = 0.046861053; 
Wave[56] = 0.03382969; 
Wave[57] = 0.027196646; 
Wave[58] = 0.020139456; 
Wave[59] = -0.0058939457; 
Wave[60] = -0.0207901; 
Wave[61] = -0.015084028; 
Wave[62] = -0.020350218; 
Wave[63] = -0.045346618; 
Wave[64] = -0.06968689; 
Wave[65] = -0.0720377; 
Wave[66] = -0.065116405; 
Wave[67] = -0.052998662; 
Wave[68] = -0.05775547; 
Wave[69] = -0.050678134; 
Wave[70] = -0.021630526; 
Wave[71] = 0.020873904; 
Wave[72] = 0.02233982; 
Wave[73] = 0.0037044287; 
Wave[74] = 0.0; 
Wave[75] = 0.008361697; 
Wave[76] = 0.010898113; 
Wave[77] = -0.0029209852; 
Wave[78] = -0.010788202; 
Wave[79] = -0.016780138; 
Wave[80] = -0.008695602; 
Wave[81] = -0.0068184137; 
Wave[82] = -0.014823914; 
Wave[83] = -0.01930201; 
Wave[84] = -0.015420437; 
Wave[85] = -0.013196111; 
Wave[86] = -0.00568223; 
Wave[87] = 0.009743571; 
Wave[88] = 0.033608437; 
Wave[89] = 0.053171158; 
Wave[90] = 0.0704546; 
Wave[91] = 0.08191049; 
Wave[92] = 0.08733988; 
Wave[93] = 0.07773399; 
Wave[94] = 0.06075859; 
Wave[95] = 0.051032662; 
Wave[96] = 0.052322388; 
Wave[97] = 0.049384117; 
Wave[98] = 0.027955055; 
Wave[99] = -0.0068286657; 
Wave[100] = -0.017989159; 
Wave[101] = -0.01075995; 
Wave[102] = -0.031820774; 
Wave[103] = -0.07189286; 
Wave[104] = -0.0880394; 
Wave[105] = -0.08719158; 
Wave[106] = -0.08341122; 
Wave[107] = -0.08049309; 
Wave[108] = -0.074837685; 
Wave[109] = -0.06141579; 
Wave[110] = -0.045591354; 
Wave[111] = -0.032673836; 
Wave[112] = -0.034822464; 
Wave[113] = -0.035184145; 
Wave[114] = -0.018863201; 
Wave[115] = 0.0011461973; 
Wave[116] = 0.005097389; 
Wave[117] = 0.007871032; 
Wave[118] = 0.029826164; 
Wave[119] = 0.041867137; 
Wave[120] = 0.04127693; 
Wave[121] = 0.02759409; 
Wave[122] = 0.0092635155; 
Wave[123] = -0.0034428835; 
Wave[124] = -0.0024700165; 
Wave[125] = -0.0020438433; 
Wave[126] = -0.00937748; 
Wave[127] = -0.012133956; 
Selected.WaveTable.set( 1 , Wave ); 

?> 
