#defaults=no 
#cm=OSC 
Wave=2 
<? 

float Wave[ 128 ]; 
Wave[0] = -0.001663208; 
Wave[1] = 0.01666522; 
Wave[2] = 0.023870468; 
Wave[3] = 0.023668885; 
Wave[4] = 0.01569748; 
Wave[5] = 0.0114222765; 
Wave[6] = 0.0032269955; 
Wave[7] = 0.0030122995; 
Wave[8] = 0.0; 
Wave[9] = -0.004463911; 
Wave[10] = -0.018212318; 
Wave[11] = -0.031416297; 
Wave[12] = -0.05283594; 
Wave[13] = -0.06548393; 
Wave[14] = -0.06684613; 
Wave[15] = -0.060344815; 
Wave[16] = -0.046606064; 
Wave[17] = -0.032257676; 
Wave[18] = -0.019786596; 
Wave[19] = -0.016351342; 
Wave[20] = -0.019398212; 
Wave[21] = -0.026999354; 
Wave[22] = -0.043031216; 
Wave[23] = -0.05066061; 
Wave[24] = -0.051530838; 
Wave[25] = -0.04405582; 
Wave[26] = -0.032315254; 
Wave[27] = -0.015562415; 
Wave[28] = -0.007952213; 
Wave[29] = 0.0; 
Wave[30] = 0.007726431; 
Wave[31] = 0.015249133; 
Wave[32] = 0.027088165; 
Wave[33] = 0.035387278; 
Wave[34] = 0.04676342; 
Wave[35] = 0.04991889; 
Wave[36] = 0.049853325; 
Wave[37] = 0.04416871; 
Wave[38] = 0.03667903; 
Wave[39] = 0.027585626; 
Wave[40] = 0.022360802; 
Wave[41] = 0.0281111; 
Wave[42] = 0.03366685; 
Wave[43] = 0.0385921; 
Wave[44] = 0.04749775; 
Wave[45] = 0.047641516; 
Wave[46] = 0.047324657; 
Wave[47] = 0.047677398; 
Wave[48] = 0.0517025; 
Wave[49] = 0.063150525; 
Wave[50] = 0.07757616; 
Wave[51] = 0.10235858; 
Wave[52] = 0.12221527; 
Wave[53] = 0.1317308; 
Wave[54] = 0.1408844; 
Wave[55] = 0.1361736; 
Wave[56] = 0.13296318; 
Wave[57] = 0.12808359; 
Wave[58] = 0.12348986; 
Wave[59] = 0.12973046; 
Wave[60] = 0.13414955; 
Wave[61] = 0.14102936; 
Wave[62] = 0.14966321; 
Wave[63] = 0.15162873; 
Wave[64] = 0.15195465; 
Wave[65] = 0.14452648; 
Wave[66] = 0.13589025; 
Wave[67] = 0.12176955; 
Wave[68] = 0.11171484; 
Wave[69] = 0.09528017; 
Wave[70] = 0.06793308; 
Wave[71] = 0.042153716; 
Wave[72] = 0.00938797; 
Wave[73] = -0.02246511; 
Wave[74] = -0.04876542; 
Wave[75] = -0.068605065; 
Wave[76] = -0.08110666; 
Wave[77] = -0.08574855; 
Wave[78] = -0.08956456; 
Wave[79] = -0.09820068; 
Wave[80] = -0.101200104; 
Wave[81] = -0.10997546; 
Wave[82] = -0.11427164; 
Wave[83] = -0.114568114; 
Wave[84] = -0.105709076; 
Wave[85] = -0.09707117; 
Wave[86] = -0.08186746; 
Wave[87] = -0.07336974; 
Wave[88] = -0.07021046; 
Wave[89] = -0.069144964; 
Wave[90] = -0.073822975; 
Wave[91] = -0.074076176; 
Wave[92] = -0.0728488; 
Wave[93] = -0.066886306; 
Wave[94] = -0.06067729; 
Wave[95] = -0.046839476; 
Wave[96] = -0.039527893; 
Wave[97] = -0.032259107; 
Wave[98] = -0.030271053; 
Wave[99] = -0.031060696; 
Wave[100] = -0.036483288; 
Wave[101] = -0.034956932; 
Wave[102] = -0.039593935; 
Wave[103] = -0.040394783; 
Wave[104] = -0.044654846; 
Wave[105] = -0.05096686; 
Wave[106] = -0.06668782; 
Wave[107] = -0.07822418; 
Wave[108] = -0.086900234; 
Wave[109] = -0.092130065; 
Wave[110] = -0.09548807; 
Wave[111] = -0.08379829; 
Wave[112] = -0.0731678; 
Wave[113] = -0.058645964; 
Wave[114] = -0.051662922; 
Wave[115] = -0.04535401; 
Wave[116] = -0.052381992; 
Wave[117] = -0.05449927; 
Wave[118] = -0.058203697; 
Wave[119] = -0.05708313; 
Wave[120] = -0.05580902; 
Wave[121] = -0.05142057; 
Wave[122] = -0.043180943; 
Wave[123] = -0.039623618; 
Wave[124] = -0.035455704; 
Wave[125] = -0.026874423; 
Wave[126] = -0.019492865; 
Wave[127] = -0.010073423; 
Selected.WaveTable.set( 1 , Wave ); 

?> 
