#defaults=no 
#cm=OSC 
Wave=2 
<? 

float Wave[ 128 ]; 
Wave[0] = 0.0014343262; 
Wave[1] = 0.016600728; 
Wave[2] = 0.020203829; 
Wave[3] = 0.012355328; 
Wave[4] = -0.0013637543; 
Wave[5] = -0.012304187; 
Wave[6] = -0.020143747; 
Wave[7] = -0.013114572; 
Wave[8] = 0.0; 
Wave[9] = 0.024292707; 
Wave[10] = 0.056766987; 
Wave[11] = 0.08777487; 
Wave[12] = 0.10754442; 
Wave[13] = 0.11704028; 
Wave[14] = 0.10434246; 
Wave[15] = 0.07574308; 
Wave[16] = 0.043909073; 
Wave[17] = 0.018718004; 
Wave[18] = 0.0034940243; 
Wave[19] = -0.0071405172; 
Wave[20] = -0.010573864; 
Wave[21] = -0.013847709; 
Wave[22] = -0.018192768; 
Wave[23] = -0.026036978; 
Wave[24] = -0.032279015; 
Wave[25] = -0.03526032; 
Wave[26] = -0.030872107; 
Wave[27] = -0.028285146; 
Wave[28] = -0.013892174; 
Wave[29] = 0.007195115; 
Wave[30] = 0.028238058; 
Wave[31] = 0.03511083; 
Wave[32] = 0.01737976; 
Wave[33] = -0.013708234; 
Wave[34] = -0.04681301; 
Wave[35] = -0.0662905; 
Wave[36] = -0.06367159; 
Wave[37] = -0.05157149; 
Wave[38] = -0.03477955; 
Wave[39] = -0.027547121; 
Wave[40] = -0.030290604; 
Wave[41] = -0.041944742; 
Wave[42] = -0.050123215; 
Wave[43] = -0.05198419; 
Wave[44] = -0.035651684; 
Wave[45] = -0.020372033; 
Wave[46] = 0.0022668839; 
Wave[47] = 0.012146473; 
Wave[48] = 0.012313843; 
Wave[49] = 0.0021922588; 
Wave[50] = -0.005363941; 
Wave[51] = -0.0060025454; 
Wave[52] = -0.010409355; 
Wave[53] = -0.0115225315; 
Wave[54] = -0.01580882; 
Wave[55] = -0.020708561; 
Wave[56] = -0.014074326; 
Wave[57] = -0.007910728; 
Wave[58] = 0.002863884; 
Wave[59] = 0.025242329; 
Wave[60] = 0.035204887; 
Wave[61] = 0.033555627; 
Wave[62] = 0.032841682; 
Wave[63] = 0.028249383; 
Wave[64] = 0.029945374; 
Wave[65] = 0.034157634; 
Wave[66] = 0.03326893; 
Wave[67] = 0.03260696; 
Wave[68] = 0.02139759; 
Wave[69] = 0.011903167; 
Wave[70] = 0.008731604; 
Wave[71] = 0.012369037; 
Wave[72] = 0.03308201; 
Wave[73] = 0.05405283; 
Wave[74] = 0.066021204; 
Wave[75] = 0.056287527; 
Wave[76] = 0.038846016; 
Wave[77] = 0.0135400295; 
Wave[78] = -0.008140564; 
Wave[79] = -0.01338017; 
Wave[80] = -0.005990982; 
Wave[81] = 0.004306555; 
Wave[82] = 0.011278868; 
Wave[83] = 0.016397595; 
Wave[84] = 0.0071697235; 
Wave[85] = 0.003161788; 
Wave[86] = 0.008998871; 
Wave[87] = 0.012026072; 
Wave[88] = 0.007083893; 
Wave[89] = -0.0072575808; 
Wave[90] = -0.018475294; 
Wave[91] = -0.022402167; 
Wave[92] = -0.026429176; 
Wave[93] = -0.03029716; 
Wave[94] = -0.03687358; 
Wave[95] = -0.035868168; 
Wave[96] = -0.030513763; 
Wave[97] = -0.025645852; 
Wave[98] = -0.022574902; 
Wave[99] = -0.023159266; 
Wave[100] = -0.027579308; 
Wave[101] = -0.027403593; 
Wave[102] = -0.028172016; 
Wave[103] = -0.03238094; 
Wave[104] = -0.035482407; 
Wave[105] = -0.040644526; 
Wave[106] = -0.032072783; 
Wave[107] = -0.014880657; 
Wave[108] = 0.0; 
Wave[109] = 0.016448498; 
Wave[110] = 0.022029877; 
Wave[111] = 0.021820664; 
Wave[112] = 0.01473999; 
Wave[113] = 0.0028795004; 
Wave[114] = -0.019402027; 
Wave[115] = -0.02658391; 
Wave[116] = -0.027637005; 
Wave[117] = -0.0155261755; 
Wave[118] = 0.0; 
Wave[119] = 0.0; 
Wave[120] = -0.012937546; 
Wave[121] = -0.03416252; 
Wave[122] = -0.051051617; 
Wave[123] = -0.061591387; 
Wave[124] = -0.05722618; 
Wave[125] = -0.05004561; 
Wave[126] = -0.031518936; 
Wave[127] = -0.017934322; 
Selected.WaveTable.set( 1 , Wave ); 

?> 
