#defaults=no 
#cm=OSC 
Wave=2 
<? 

float Wave[ 128 ]; 
Wave[0] = 0.0; 
Wave[1] = 0.019245028; 
Wave[2] = 0.022504091; 
Wave[3] = 0.018357038; 
Wave[4] = 0.016643047; 
Wave[5] = 0.016161323; 
Wave[6] = 0.020471334; 
Wave[7] = 0.018933177; 
Wave[8] = 0.019615173; 
Wave[9] = 0.01670134; 
Wave[10] = 0.01876688; 
Wave[11] = 0.025762677; 
Wave[12] = 0.03142643; 
Wave[13] = 0.023236036; 
Wave[14] = 0.015928507; 
Wave[15] = 0.00698781; 
Wave[16] = 0.010852814; 
Wave[17] = 0.022669315; 
Wave[18] = 0.030444145; 
Wave[19] = 0.028967023; 
Wave[20] = 0.0166893; 
Wave[21] = 0.0; 
Wave[22] = -0.014667034; 
Wave[23] = -0.021847725; 
Wave[24] = -0.022799492; 
Wave[25] = -0.02160716; 
Wave[26] = -0.024402857; 
Wave[27] = -0.021002293; 
Wave[28] = -0.014943123; 
Wave[29] = -0.0066922903; 
Wave[30] = -0.008798361; 
Wave[31] = -0.009563684; 
Wave[32] = -0.0046043396; 
Wave[33] = 0.007369399; 
Wave[34] = 0.020955086; 
Wave[35] = 0.022672772; 
Wave[36] = 0.01688242; 
Wave[37] = 0.007694721; 
Wave[38] = -0.0013072491; 
Wave[39] = 0.0077388287; 
Wave[40] = 0.015048027; 
Wave[41] = 0.016090393; 
Wave[42] = 0.0034546852; 
Wave[43] = -0.00829649; 
Wave[44] = -0.0073666573; 
Wave[45] = 0.0037897825; 
Wave[46] = 0.01978159; 
Wave[47] = 0.02038312; 
Wave[48] = 0.011249542; 
Wave[49] = 0.0; 
Wave[50] = -0.012367964; 
Wave[51] = -0.02328384; 
Wave[52] = -0.032122135; 
Wave[53] = -0.033612967; 
Wave[54] = -0.038039207; 
Wave[55] = -0.0463233; 
Wave[56] = -0.052508354; 
Wave[57] = -0.04742205; 
Wave[58] = -0.03340769; 
Wave[59] = -0.010846734; 
Wave[60] = 0.006374359; 
Wave[61] = 0.027617931; 
Wave[62] = 0.039125204; 
Wave[63] = 0.041822553; 
Wave[64] = 0.042266846; 
Wave[65] = 0.03447938; 
Wave[66] = 0.033339977; 
Wave[67] = 0.04039073; 
Wave[68] = 0.037387848; 
Wave[69] = 0.034299612; 
Wave[70] = 0.03634262; 
Wave[71] = 0.038900614; 
Wave[72] = 0.053627014; 
Wave[73] = 0.066385984; 
Wave[74] = 0.075737715; 
Wave[75] = 0.07117581; 
Wave[76] = 0.05373001; 
Wave[77] = 0.047791004; 
Wave[78] = 0.050355434; 
Wave[79] = 0.06261599; 
Wave[80] = 0.07567978; 
Wave[81] = 0.07812238; 
Wave[82] = 0.05722642; 
Wave[83] = 0.035416126; 
Wave[84] = 0.0169034; 
Wave[85] = 0.005120516; 
Wave[86] = -0.0050251484; 
Wave[87] = -0.009580493; 
Wave[88] = -0.01280117; 
Wave[89] = -0.016488552; 
Wave[90] = -0.0142765045; 
Wave[91] = -0.018618464; 
Wave[92] = -0.027359009; 
Wave[93] = -0.032582283; 
Wave[94] = -0.03303051; 
Wave[95] = -0.027468324; 
Wave[96] = -0.022563934; 
Wave[97] = -0.023906827; 
Wave[98] = -0.024732351; 
Wave[99] = -0.024737954; 
Wave[100] = -0.01904583; 
Wave[101] = -0.018719316; 
Wave[102] = -0.024994373; 
Wave[103] = -0.024463654; 
Wave[104] = -0.02225399; 
Wave[105] = -0.018363595; 
Wave[106] = -0.011905193; 
Wave[107] = -0.0062179565; 
Wave[108] = -0.006643772; 
Wave[109] = -0.015402436; 
Wave[110] = -0.025367737; 
Wave[111] = -0.032007694; 
Wave[112] = -0.03511238; 
Wave[113] = -0.03824401; 
Wave[114] = -0.050946236; 
Wave[115] = -0.061944604; 
Wave[116] = -0.0664134; 
Wave[117] = -0.06632936; 
Wave[118] = -0.061678648; 
Wave[119] = -0.05404198; 
Wave[120] = -0.055150032; 
Wave[121] = -0.056169152; 
Wave[122] = -0.05398774; 
Wave[123] = -0.053646088; 
Wave[124] = -0.049741745; 
Wave[125] = -0.04480946; 
Wave[126] = -0.035289288; 
Wave[127] = -0.018445253; 
Selected.WaveTable.set( 1 , Wave ); 

?> 
