#defaults=no 
#cm=OSC 
Wave=2 
<? 

float Wave[ 128 ]; 
Wave[0] = 0.0; 
Wave[1] = 0.004006624; 
Wave[2] = 0.011599064; 
Wave[3] = 0.021031141; 
Wave[4] = 0.028388023; 
Wave[5] = 0.030275106; 
Wave[6] = 0.032805443; 
Wave[7] = 0.027138233; 
Wave[8] = 0.018505096; 
Wave[9] = 0.009778261; 
Wave[10] = 0.0; 
Wave[11] = -0.011481047; 
Wave[12] = -0.016178131; 
Wave[13] = -0.025085926; 
Wave[14] = -0.034423828; 
Wave[15] = -0.0381763; 
Wave[16] = -0.04164505; 
Wave[17] = -0.042334795; 
Wave[18] = -0.04386568; 
Wave[19] = -0.03801012; 
Wave[20] = -0.03767681; 
Wave[21] = -0.033091307; 
Wave[22] = -0.02746582; 
Wave[23] = -0.025226355; 
Wave[24] = -0.017904282; 
Wave[25] = -0.012317419; 
Wave[26] = -0.008411884; 
Wave[27] = 0.0010101795; 
Wave[28] = 0.0025148392; 
Wave[29] = 0.0073666573; 
Wave[30] = 0.01608181; 
Wave[31] = 0.019788504; 
Wave[32] = 0.028907776; 
Wave[33] = 0.039047956; 
Wave[34] = 0.045104027; 
Wave[35] = 0.05541706; 
Wave[36] = 0.05678177; 
Wave[37] = 0.055365086; 
Wave[38] = 0.055779934; 
Wave[39] = 0.049119473; 
Wave[40] = 0.040294647; 
Wave[41] = 0.030736923; 
Wave[42] = 0.0230937; 
Wave[43] = 0.01774168; 
Wave[44] = 0.011928558; 
Wave[45] = 0.003877163; 
Wave[46] = 0.0; 
Wave[47] = -0.006067753; 
Wave[48] = -0.011013031; 
Wave[49] = -0.020013332; 
Wave[50] = -0.017661095; 
Wave[51] = -0.019853592; 
Wave[52] = -0.016266823; 
Wave[53] = -0.012793303; 
Wave[54] = -0.006793499; 
Wave[55] = -0.0072262287; 
Wave[56] = -0.010318756; 
Wave[57] = -0.01646328; 
Wave[58] = -0.014739037; 
Wave[59] = -0.020560503; 
Wave[60] = -0.01865387; 
Wave[61] = -0.02450347; 
Wave[62] = -0.022069931; 
Wave[63] = -0.02781725; 
Wave[64] = -0.02709961; 
Wave[65] = -0.036007643; 
Wave[66] = -0.038702965; 
Wave[67] = -0.04223275; 
Wave[68] = -0.03855419; 
Wave[69] = -0.040686846; 
Wave[70] = -0.036750793; 
Wave[71] = -0.03392172; 
Wave[72] = -0.03598976; 
Wave[73] = -0.032348633; 
Wave[74] = -0.022120476; 
Wave[75] = -0.016730547; 
Wave[76] = -0.0037555695; 
Wave[77] = 0.004234314; 
Wave[78] = 0.012440205; 
Wave[79] = 0.016469002; 
Wave[80] = 0.020462036; 
Wave[81] = 0.023751974; 
Wave[82] = 0.03029871; 
Wave[83] = 0.031107187; 
Wave[84] = 0.035689354; 
Wave[85] = 0.034115314; 
Wave[86] = 0.035109997; 
Wave[87] = 0.040488005; 
Wave[88] = 0.03737068; 
Wave[89] = 0.03933859; 
Wave[90] = 0.029898643; 
Wave[91] = 0.023851156; 
Wave[92] = 0.010860443; 
Wave[93] = 0.0; 
Wave[94] = -0.0047364235; 
Wave[95] = 0.0; 
Wave[96] = 0.005874634; 
Wave[97] = 0.010959387; 
Wave[98] = 0.017002583; 
Wave[99] = 0.016907215; 
Wave[100] = 0.015901566; 
Wave[101] = 0.011385679; 
Wave[102] = 0.016076565; 
Wave[103] = 0.013801098; 
Wave[104] = 0.014904022; 
Wave[105] = 0.014022112; 
Wave[106] = 0.011414528; 
Wave[107] = 0.012176752; 
Wave[108] = 0.0052490234; 
Wave[109] = -0.0016851425; 
Wave[110] = -0.008318424; 
Wave[111] = -0.0133600235; 
Wave[112] = -0.018737793; 
Wave[113] = -0.02851677; 
Wave[114] = -0.03176117; 
Wave[115] = -0.031794786; 
Wave[116] = -0.02841568; 
Wave[117] = -0.025268793; 
Wave[118] = -0.018837452; 
Wave[119] = -0.014644861; 
Wave[120] = -0.017469406; 
Wave[121] = -0.017453909; 
Wave[122] = -0.016813755; 
Wave[123] = -0.01097393; 
Wave[124] = -0.0124464035; 
Wave[125] = -0.006706953; 
Wave[126] = -0.00920248; 
Wave[127] = -0.003231287; 
Selected.WaveTable.set( 1 , Wave ); 

?> 
