#defaults=no 
#cm=OSC 
Wave=2 
<? 

float Wave[ 128 ]; 
Wave[0] = 0.007171631; 
Wave[1] = 0.06012988; 
Wave[2] = 0.06931734; 
Wave[3] = 0.027201653; 
Wave[4] = -0.008060455; 
Wave[5] = 0.018635273; 
Wave[6] = 0.043808937; 
Wave[7] = 0.0017259121; 
Wave[8] = -0.018379211; 
Wave[9] = 0.017144442; 
Wave[10] = 0.050648212; 
Wave[11] = 0.05214548; 
Wave[12] = 0.038009644; 
Wave[13] = 0.024286747; 
Wave[14] = 0.053271294; 
Wave[15] = 0.10913777; 
Wave[16] = 0.11086273; 
Wave[17] = 0.049972534; 
Wave[18] = 0.01613617; 
Wave[19] = 0.01896882; 
Wave[20] = 0.022001266; 
Wave[21] = 0.023926497; 
Wave[22] = 0.027862549; 
Wave[23] = 0.01027441; 
Wave[24] = -0.004930496; 
Wave[25] = -0.0037543774; 
Wave[26] = 0.011885643; 
Wave[27] = 0.017863274; 
Wave[28] = 0.022050858; 
Wave[29] = 0.012171268; 
Wave[30] = -0.011760235; 
Wave[31] = -0.03335452; 
Wave[32] = -0.05192566; 
Wave[33] = -0.07204032; 
Wave[34] = -0.08476257; 
Wave[35] = -0.078822374; 
Wave[36] = -0.06188011; 
Wave[37] = -0.051469326; 
Wave[38] = -0.043568134; 
Wave[39] = -0.031238317; 
Wave[40] = -0.031785965; 
Wave[41] = -0.03107524; 
Wave[42] = -0.0018324852; 
Wave[43] = 0.03741741; 
Wave[44] = 0.031303406; 
Wave[45] = -0.016722202; 
Wave[46] = -0.05934906; 
Wave[47] = -0.056197643; 
Wave[48] = -0.032943726; 
Wave[49] = -0.015255928; 
Wave[50] = -0.006005287; 
Wave[51] = 0.03533268; 
Wave[52] = 0.06317425; 
Wave[53] = 0.031480074; 
Wave[54] = 0.0; 
Wave[55] = 0.009350538; 
Wave[56] = 0.018766403; 
Wave[57] = 0.0030908585; 
Wave[58] = -0.014658451; 
Wave[59] = -0.007049799; 
Wave[60] = 0.009092331; 
Wave[61] = 0.025605917; 
Wave[62] = 0.048406124; 
Wave[63] = 0.07412124; 
Wave[64] = 0.0756073; 
Wave[65] = 0.03515792; 
Wave[66] = -0.0142121315; 
Wave[67] = -0.04489422; 
Wave[68] = -0.0289011; 
Wave[69] = -0.0060269833; 
Wave[70] = -0.0119867325; 
Wave[71] = -0.020316124; 
Wave[72] = -0.015222549; 
Wave[73] = -0.03428507; 
Wave[74] = -0.05452013; 
Wave[75] = -0.053611517; 
Wave[76] = -0.05174923; 
Wave[77] = -0.0656333; 
Wave[78] = -0.070611954; 
Wave[79] = -0.05923319; 
Wave[80] = -0.042964935; 
Wave[81] = -0.02669239; 
Wave[82] = -0.031517982; 
Wave[83] = -0.038766623; 
Wave[84] = 0.004184723; 
Wave[85] = 0.07204294; 
Wave[86] = 0.06507492; 
Wave[87] = 0.009782791; 
Wave[88] = 0.010471344; 
Wave[89] = 0.055413008; 
Wave[90] = 0.07283783; 
Wave[91] = 0.0562737; 
Wave[92] = 0.015160561; 
Wave[93] = 0.0; 
Wave[94] = 0.022942543; 
Wave[95] = 0.02011919; 
Wave[96] = -0.019134521; 
Wave[97] = -0.023049355; 
Wave[98] = 0.016734123; 
Wave[99] = 0.043428898; 
Wave[100] = 0.034282684; 
Wave[101] = 0.017205; 
Wave[102] = 0.018159866; 
Wave[103] = 0.05519128; 
Wave[104] = 0.060432434; 
Wave[105] = 0.027915955; 
Wave[106] = -0.004044056; 
Wave[107] = 0.0034883022; 
Wave[108] = 0.024036407; 
Wave[109] = 0.011537075; 
Wave[110] = 0.015768051; 
Wave[111] = 0.028563023; 
Wave[112] = 0.020874023; 
Wave[113] = -0.019601822; 
Wave[114] = -0.043262005; 
Wave[115] = -0.057877064; 
Wave[116] = -0.05826378; 
Wave[117] = -0.024356842; 
Wave[118] = -0.010668278; 
Wave[119] = -0.0149309635; 
Wave[120] = -0.00942421; 
Wave[121] = -0.01073432; 
Wave[122] = -0.07844591; 
Wave[123] = -0.11624646; 
Wave[124] = -0.10316467; 
Wave[125] = -0.09961772; 
Wave[126] = -0.10619497; 
Wave[127] = -0.0705111; 
Selected.WaveTable.set( 1 , Wave ); 

?> 
