#defaults=no 
#cm=OSC 
Wave=2 
<? 

float Wave[ 128 ]; 
Wave[0] = 0.0038146973; 
Wave[1] = 0.14119864; 
Wave[2] = 0.30857277; 
Wave[3] = 0.38909674; 
Wave[4] = 0.42551613; 
Wave[5] = 0.4960785; 
Wave[6] = 0.4960785; 
Wave[7] = 0.4960785; 
Wave[8] = 0.4960785; 
Wave[9] = 0.4960785; 
Wave[10] = 0.4960785; 
Wave[11] = 0.4960785; 
Wave[12] = 0.4960785; 
Wave[13] = 0.4960785; 
Wave[14] = 0.4960785; 
Wave[15] = 0.4960785; 
Wave[16] = 0.4960785; 
Wave[17] = 0.48168373; 
Wave[18] = 0.41305733; 
Wave[19] = 0.3113737; 
Wave[20] = 0.20490837; 
Wave[21] = 0.17907572; 
Wave[22] = 0.21425152; 
Wave[23] = 0.18655968; 
Wave[24] = 0.1136322; 
Wave[25] = 0.04022646; 
Wave[26] = -0.00744915; 
Wave[27] = -0.07341385; 
Wave[28] = -0.10133743; 
Wave[29] = -0.08568001; 
Wave[30] = -0.071276665; 
Wave[31] = -0.0066280365; 
Wave[32] = 0.06074524; 
Wave[33] = 0.14671755; 
Wave[34] = 0.14752483; 
Wave[35] = 0.065728664; 
Wave[36] = 0.10064697; 
Wave[37] = 0.006166935; 
Wave[38] = -0.08117485; 
Wave[39] = -0.122519016; 
Wave[40] = -0.19412613; 
Wave[41] = -0.23620796; 
Wave[42] = -0.2446003; 
Wave[43] = -0.29307508; 
Wave[44] = -0.27083015; 
Wave[45] = -0.127285; 
Wave[46] = 0.11512947; 
Wave[47] = 0.13170576; 
Wave[48] = 0.009407043; 
Wave[49] = 0.092195034; 
Wave[50] = 0.17886639; 
Wave[51] = 0.0049347878; 
Wave[52] = -0.11065674; 
Wave[53] = -0.19727087; 
Wave[54] = -0.42287254; 
Wave[55] = -0.4588585; 
Wave[56] = -0.41344833; 
Wave[57] = -0.4584918; 
Wave[58] = -0.4747076; 
Wave[59] = -0.47931528; 
Wave[60] = -0.47748756; 
Wave[61] = -0.44100666; 
Wave[62] = -0.33163357; 
Wave[63] = -0.35748386; 
Wave[64] = -0.4955597; 
Wave[65] = -0.5; 
Wave[66] = -0.49948406; 
Wave[67] = -0.5; 
Wave[68] = -0.5; 
Wave[69] = -0.4044919; 
Wave[70] = -0.3217392; 
Wave[71] = -0.20341301; 
Wave[72] = 0.053531647; 
Wave[73] = 0.25745392; 
Wave[74] = 0.4364481; 
Wave[75] = 0.4960785; 
Wave[76] = 0.4960785; 
Wave[77] = 0.4960785; 
Wave[78] = 0.4960785; 
Wave[79] = 0.4960785; 
Wave[80] = 0.4960785; 
Wave[81] = 0.4960785; 
Wave[82] = 0.4960785; 
Wave[83] = 0.4960785; 
Wave[84] = 0.4960785; 
Wave[85] = 0.4960785; 
Wave[86] = 0.4960785; 
Wave[87] = 0.4960785; 
Wave[88] = 0.4960785; 
Wave[89] = 0.4960785; 
Wave[90] = 0.4960785; 
Wave[91] = 0.43942022; 
Wave[92] = 0.2257309; 
Wave[93] = 0.082930565; 
Wave[94] = -0.09968376; 
Wave[95] = -0.2854457; 
Wave[96] = -0.31658936; 
Wave[97] = -0.2875824; 
Wave[98] = -0.28879738; 
Wave[99] = -0.25379086; 
Wave[100] = -0.18535423; 
Wave[101] = -0.20650768; 
Wave[102] = -0.30452538; 
Wave[103] = -0.342371; 
Wave[104] = -0.38472366; 
Wave[105] = -0.45521164; 
Wave[106] = -0.5; 
Wave[107] = -0.5; 
Wave[108] = -0.5; 
Wave[109] = -0.5; 
Wave[110] = -0.5; 
Wave[111] = -0.5; 
Wave[112] = -0.5; 
Wave[113] = -0.5; 
Wave[114] = -0.5; 
Wave[115] = -0.5; 
Wave[116] = -0.5; 
Wave[117] = -0.5; 
Wave[118] = -0.5; 
Wave[119] = -0.5; 
Wave[120] = -0.5; 
Wave[121] = -0.5; 
Wave[122] = -0.5; 
Wave[123] = -0.5; 
Wave[124] = -0.47239113; 
Wave[125] = -0.31048918; 
Wave[126] = -0.16156673; 
Wave[127] = -0.06230879; 
Selected.WaveTable.set( 1 , Wave ); 

?> 
