#defaults=no 
#cm=OSC 
Wave=2 
<? 

float Wave[ 128 ]; 
Wave[0] = 0.0; 
Wave[1] = 0.0110349655; 
Wave[2] = 0.023905754; 
Wave[3] = 0.047495842; 
Wave[4] = 0.07333565; 
Wave[5] = 0.101735115; 
Wave[6] = 0.10953331; 
Wave[7] = 0.103648186; 
Wave[8] = 0.106987; 
Wave[9] = 0.113934994; 
Wave[10] = 0.12384033; 
Wave[11] = 0.123643875; 
Wave[12] = 0.11702919; 
Wave[13] = 0.09842825; 
Wave[14] = 0.08240414; 
Wave[15] = 0.05349636; 
Wave[16] = 0.027534485; 
Wave[17] = 0.005724907; 
Wave[18] = -0.008272171; 
Wave[19] = -0.023332596; 
Wave[20] = -0.026870728; 
Wave[21] = -0.03549671; 
Wave[22] = -0.027051926; 
Wave[23] = -0.027884483; 
Wave[24] = -0.0283432; 
Wave[25] = -0.038524628; 
Wave[26] = -0.03071785; 
Wave[27] = -0.027646542; 
Wave[28] = -0.024097443; 
Wave[29] = -0.014622688; 
Wave[30] = -0.004512787; 
Wave[31] = 0.0017662048; 
Wave[32] = 0.011474609; 
Wave[33] = 0.02532196; 
Wave[34] = 0.032131195; 
Wave[35] = 0.044757843; 
Wave[36] = 0.066640854; 
Wave[37] = 0.09382105; 
Wave[38] = 0.11861801; 
Wave[39] = 0.14505816; 
Wave[40] = 0.17855453; 
Wave[41] = 0.20911264; 
Wave[42] = 0.23797894; 
Wave[43] = 0.260149; 
Wave[44] = 0.27288246; 
Wave[45] = 0.28482246; 
Wave[46] = 0.28812408; 
Wave[47] = 0.29127598; 
Wave[48] = 0.29917908; 
Wave[49] = 0.30882692; 
Wave[50] = 0.31166267; 
Wave[51] = 0.31494713; 
Wave[52] = 0.320446; 
Wave[53] = 0.32060814; 
Wave[54] = 0.3188858; 
Wave[55] = 0.32599068; 
Wave[56] = 0.3249588; 
Wave[57] = 0.32739544; 
Wave[58] = 0.32751465; 
Wave[59] = 0.32417917; 
Wave[60] = 0.3030758; 
Wave[61] = 0.27566576; 
Wave[62] = 0.24891472; 
Wave[63] = 0.23043776; 
Wave[64] = 0.20663452; 
Wave[65] = 0.19002008; 
Wave[66] = 0.1687336; 
Wave[67] = 0.14471865; 
Wave[68] = 0.13252258; 
Wave[69] = 0.12643147; 
Wave[70] = 0.12253952; 
Wave[71] = 0.11892986; 
Wave[72] = 0.10999298; 
Wave[73] = 0.10378933; 
Wave[74] = 0.092391014; 
Wave[75] = 0.08771753; 
Wave[76] = 0.086833954; 
Wave[77] = 0.07741165; 
Wave[78] = 0.07330322; 
Wave[79] = 0.06662464; 
Wave[80] = 0.056884766; 
Wave[81] = 0.046631336; 
Wave[82] = 0.032214165; 
Wave[83] = 0.015908718; 
Wave[84] = -0.0034313202; 
Wave[85] = -0.02084446; 
Wave[86] = -0.034080505; 
Wave[87] = -0.05328226; 
Wave[88] = -0.072566986; 
Wave[89] = -0.088235855; 
Wave[90] = -0.10956478; 
Wave[91] = -0.13835192; 
Wave[92] = -0.16109085; 
Wave[93] = -0.18685055; 
Wave[94] = -0.21341228; 
Wave[95] = -0.24051142; 
Wave[96] = -0.2636261; 
Wave[97] = -0.28847647; 
Wave[98] = -0.30759907; 
Wave[99] = -0.33427095; 
Wave[100] = -0.35544014; 
Wave[101] = -0.38002682; 
Wave[102] = -0.39019012; 
Wave[103] = -0.39333916; 
Wave[104] = -0.3955536; 
Wave[105] = -0.39297676; 
Wave[106] = -0.39822197; 
Wave[107] = -0.39612007; 
Wave[108] = -0.3959961; 
Wave[109] = -0.38989258; 
Wave[110] = -0.37980843; 
Wave[111] = -0.36256742; 
Wave[112] = -0.3443451; 
Wave[113] = -0.32241058; 
Wave[114] = -0.3068266; 
Wave[115] = -0.285141; 
Wave[116] = -0.26228523; 
Wave[117] = -0.24023199; 
Wave[118] = -0.21633911; 
Wave[119] = -0.19429445; 
Wave[120] = -0.16933441; 
Wave[121] = -0.14867687; 
Wave[122] = -0.1220541; 
Wave[123] = -0.101453304; 
Wave[124] = -0.0718441; 
Wave[125] = -0.04663372; 
Wave[126] = -0.033473015; 
Wave[127] = -0.018225193; 
Selected.WaveTable.set( 1 , Wave ); 

?> 
