#defaults=no 
#cm=OSC 
Wave=2 
<? 

float Wave[ 128 ]; 
Wave[0] = 0.08828735; 
Wave[1] = 0.09059477; 
Wave[2] = 0.084937096; 
Wave[3] = 0.08420062; 
Wave[4] = 0.09019995; 
Wave[5] = 0.09430826; 
Wave[6] = 0.09519005; 
Wave[7] = 0.09941995; 
Wave[8] = 0.100875854; 
Wave[9] = 0.10031867; 
Wave[10] = 0.10285258; 
Wave[11] = 0.09800875; 
Wave[12] = 0.09345436; 
Wave[13] = 0.09345329; 
Wave[14] = 0.092708826; 
Wave[15] = 0.09324372; 
Wave[16] = 0.09324837; 
Wave[17] = 0.09171748; 
Wave[18] = 0.09034586; 
Wave[19] = 0.08044505; 
Wave[20] = 0.070967674; 
Wave[21] = 0.06552327; 
Wave[22] = 0.06362033; 
Wave[23] = 0.05453956; 
Wave[24] = 0.049668312; 
Wave[25] = 0.041029453; 
Wave[26] = 0.030572414; 
Wave[27] = 0.02441597; 
Wave[28] = 0.015987873; 
Wave[29] = 0.010710835; 
Wave[30] = 0.008545637; 
Wave[31] = 0.0; 
Wave[32] = -0.0015068054; 
Wave[33] = -0.0077129602; 
Wave[34] = -0.013946295; 
Wave[35] = -0.015346646; 
Wave[36] = -0.024405956; 
Wave[37] = -0.02722609; 
Wave[38] = -0.031378984; 
Wave[39] = -0.039182544; 
Wave[40] = -0.03882885; 
Wave[41] = -0.041855335; 
Wave[42] = -0.047950983; 
Wave[43] = -0.047487617; 
Wave[44] = -0.049370766; 
Wave[45] = -0.055306673; 
Wave[46] = -0.054771185; 
Wave[47] = -0.054288626; 
Wave[48] = -0.054107666; 
Wave[49] = -0.053952336; 
Wave[50] = -0.054488182; 
Wave[51] = -0.056785583; 
Wave[52] = -0.060002327; 
Wave[53] = -0.06295335; 
Wave[54] = -0.06687045; 
Wave[55] = -0.06870198; 
Wave[56] = -0.07182217; 
Wave[57] = -0.06895447; 
Wave[58] = -0.07010841; 
Wave[59] = -0.07458711; 
Wave[60] = -0.07910204; 
Wave[61] = -0.0770874; 
Wave[62] = -0.081915855; 
Wave[63] = -0.081317425; 
Wave[64] = -0.08533478; 
Wave[65] = -0.09026086; 
Wave[66] = -0.08874512; 
Wave[67] = -0.09398174; 
Wave[68] = -0.094769955; 
Wave[69] = -0.09495473; 
Wave[70] = -0.09506965; 
Wave[71] = -0.09545314; 
Wave[72] = -0.09264946; 
Wave[73] = -0.09300268; 
Wave[74] = -0.09826589; 
Wave[75] = -0.09589541; 
Wave[76] = -0.09458828; 
Wave[77] = -0.09284699; 
Wave[78] = -0.088243484; 
Wave[79] = -0.08707094; 
Wave[80] = -0.08226395; 
Wave[81] = -0.08210552; 
Wave[82] = -0.07727599; 
Wave[83] = -0.06953263; 
Wave[84] = -0.061858177; 
Wave[85] = -0.056622863; 
Wave[86] = -0.04694724; 
Wave[87] = -0.0426569; 
Wave[88] = -0.034384727; 
Wave[89] = -0.031138659; 
Wave[90] = -0.02849865; 
Wave[91] = -0.02609551; 
Wave[92] = -0.018271923; 
Wave[93] = -0.0034034252; 
Wave[94] = 0.006644726; 
Wave[95] = 0.018796563; 
Wave[96] = 0.020305634; 
Wave[97] = 0.024224639; 
Wave[98] = 0.02475524; 
Wave[99] = 0.024480581; 
Wave[100] = 0.030804157; 
Wave[101] = 0.039919257; 
Wave[102] = 0.046917677; 
Wave[103] = 0.053239465; 
Wave[104] = 0.056295395; 
Wave[105] = 0.054198027; 
Wave[106] = 0.04789996; 
Wave[107] = 0.043102384; 
Wave[108] = 0.04215622; 
Wave[109] = 0.04730296; 
Wave[110] = 0.054227352; 
Wave[111] = 0.057900548; 
Wave[112] = 0.0617733; 
Wave[113] = 0.06202209; 
Wave[114] = 0.06258249; 
Wave[115] = 0.058959126; 
Wave[116] = 0.057784557; 
Wave[117] = 0.059871197; 
Wave[118] = 0.06675887; 
Wave[119] = 0.07282972; 
Wave[120] = 0.07379532; 
Wave[121] = 0.07389605; 
Wave[122] = 0.069570065; 
Wave[123] = 0.070495605; 
Wave[124] = 0.071380615; 
Wave[125] = 0.07185578; 
Wave[126] = 0.0785892; 
Wave[127] = 0.08624852; 
Selected.WaveTable.set( 1 , Wave ); 

?> 
