#defaults=no 
#cm=OSC 
Wave=2 
<? 

float Wave[ 128 ]; 
Wave[0] = 0.061279297; 
Wave[1] = 0.02888012; 
Wave[2] = -0.008412361; 
Wave[3] = -0.036403656; 
Wave[4] = -0.058740616; 
Wave[5] = -0.07802248; 
Wave[6] = -0.08625507; 
Wave[7] = -0.09067154; 
Wave[8] = -0.08798981; 
Wave[9] = -0.091098785; 
Wave[10] = -0.08196831; 
Wave[11] = -0.073850155; 
Wave[12] = -0.05265045; 
Wave[13] = -0.03335905; 
Wave[14] = -0.015135765; 
Wave[15] = -0.005527973; 
Wave[16] = -0.0011825562; 
Wave[17] = 0.0; 
Wave[18] = -0.0026159286; 
Wave[19] = -0.012816906; 
Wave[20] = -0.017669678; 
Wave[21] = -0.02362585; 
Wave[22] = -0.031665802; 
Wave[23] = -0.033091545; 
Wave[24] = -0.024147034; 
Wave[25] = -0.017013073; 
Wave[26] = -0.012084961; 
Wave[27] = -0.004488468; 
Wave[28] = 0.0028629303; 
Wave[29] = 0.011460781; 
Wave[30] = 0.014146805; 
Wave[31] = 0.019330978; 
Wave[32] = 0.023925781; 
Wave[33] = 0.023881435; 
Wave[34] = 0.014509201; 
Wave[35] = 0.0023589134; 
Wave[36] = -0.012313843; 
Wave[37] = -0.021145344; 
Wave[38] = -0.03529644; 
Wave[39] = -0.043233395; 
Wave[40] = -0.05253601; 
Wave[41] = -0.068286896; 
Wave[42] = -0.07745552; 
Wave[43] = -0.08785105; 
Wave[44] = -0.09226227; 
Wave[45] = -0.098190784; 
Wave[46] = -0.09361172; 
Wave[47] = -0.09073734; 
Wave[48] = -0.088394165; 
Wave[49] = -0.0875144; 
Wave[50] = -0.08433914; 
Wave[51] = -0.08250809; 
Wave[52] = -0.081531525; 
Wave[53] = -0.082974434; 
Wave[54] = -0.08574581; 
Wave[55] = -0.09752369; 
Wave[56] = -0.104011536; 
Wave[57] = -0.11566734; 
Wave[58] = -0.12713337; 
Wave[59] = -0.13266182; 
Wave[60] = -0.14037895; 
Wave[61] = -0.14720392; 
Wave[62] = -0.14494324; 
Wave[63] = -0.1306057; 
Wave[64] = -0.10205078; 
Wave[65] = -0.0565691; 
Wave[66] = -0.0075244904; 
Wave[67] = 0.035171032; 
Wave[68] = 0.065006256; 
Wave[69] = 0.07688761; 
Wave[70] = 0.08305454; 
Wave[71] = 0.07815933; 
Wave[72] = 0.074855804; 
Wave[73] = 0.07666254; 
Wave[74] = 0.08092499; 
Wave[75] = 0.08264637; 
Wave[76] = 0.07531738; 
Wave[77] = 0.061352253; 
Wave[78] = 0.051116943; 
Wave[79] = 0.047132492; 
Wave[80] = 0.045890808; 
Wave[81] = 0.046843052; 
Wave[82] = 0.03857231; 
Wave[83] = 0.02959299; 
Wave[84] = 0.011432648; 
Wave[85] = -0.0023298264; 
Wave[86] = -0.016781807; 
Wave[87] = -0.023935795; 
Wave[88] = -0.027141571; 
Wave[89] = -0.03095913; 
Wave[90] = -0.03518009; 
Wave[91] = -0.035122395; 
Wave[92] = -0.023979187; 
Wave[93] = -0.01454258; 
Wave[94] = -0.0012702942; 
Wave[95] = 0.012978077; 
Wave[96] = 0.017364502; 
Wave[97] = 0.016853333; 
Wave[98] = 0.016972542; 
Wave[99] = 0.015861511; 
Wave[100] = 0.013944626; 
Wave[101] = 0.015056133; 
Wave[102] = 0.018758774; 
Wave[103] = 0.021402836; 
Wave[104] = 0.023677826; 
Wave[105] = 0.030300617; 
Wave[106] = 0.042847633; 
Wave[107] = 0.051444054; 
Wave[108] = 0.065345764; 
Wave[109] = 0.0795331; 
Wave[110] = 0.08973408; 
Wave[111] = 0.096597195; 
Wave[112] = 0.10835266; 
Wave[113] = 0.11547375; 
Wave[114] = 0.11975002; 
Wave[115] = 0.12030077; 
Wave[116] = 0.12196159; 
Wave[117] = 0.116503716; 
Wave[118] = 0.117445946; 
Wave[119] = 0.12620687; 
Wave[120] = 0.1352768; 
Wave[121] = 0.14055538; 
Wave[122] = 0.13853168; 
Wave[123] = 0.13198996; 
Wave[124] = 0.12683296; 
Wave[125] = 0.11472225; 
Wave[126] = 0.0948925; 
Wave[127] = 0.07036877; 
Selected.WaveTable.set( 1 , Wave ); 

?> 
