#defaults=no 
#cm=OSC 
Wave=2 
<? 

float Wave[ 128 ]; 
Wave[0] = 0.024673462; 
Wave[1] = 0.027019262; 
Wave[2] = 0.032324314; 
Wave[3] = 0.041074872; 
Wave[4] = 0.053645134; 
Wave[5] = 0.06320155; 
Wave[6] = 0.06666136; 
Wave[7] = 0.068893075; 
Wave[8] = 0.07079697; 
Wave[9] = 0.08015728; 
Wave[10] = 0.085011244; 
Wave[11] = 0.098486185; 
Wave[12] = 0.11204195; 
Wave[13] = 0.1227026; 
Wave[14] = 0.12795186; 
Wave[15] = 0.13194656; 
Wave[16] = 0.13583565; 
Wave[17] = 0.14013827; 
Wave[18] = 0.13983369; 
Wave[19] = 0.14232779; 
Wave[20] = 0.1326952; 
Wave[21] = 0.123646736; 
Wave[22] = 0.11213803; 
Wave[23] = 0.10009074; 
Wave[24] = 0.089826584; 
Wave[25] = 0.081857204; 
Wave[26] = 0.06539369; 
Wave[27] = 0.052223086; 
Wave[28] = 0.039083958; 
Wave[29] = 0.020857573; 
Wave[30] = 0.007790804; 
Wave[31] = -0.002195239; 
Wave[32] = -0.01865387; 
Wave[33] = -0.027300715; 
Wave[34] = -0.040527582; 
Wave[35] = -0.052762747; 
Wave[36] = -0.05943346; 
Wave[37] = -0.066829085; 
Wave[38] = -0.062451124; 
Wave[39] = -0.06332183; 
Wave[40] = -0.058833122; 
Wave[41] = -0.057987213; 
Wave[42] = -0.053675175; 
Wave[43] = -0.050162077; 
Wave[44] = -0.047008038; 
Wave[45] = -0.04114473; 
Wave[46] = -0.034380436; 
Wave[47] = -0.027291894; 
Wave[48] = -0.028827667; 
Wave[49] = -0.028457403; 
Wave[50] = -0.028448343; 
Wave[51] = -0.026633382; 
Wave[52] = -0.022482872; 
Wave[53] = -0.018754244; 
Wave[54] = -0.018137932; 
Wave[55] = -0.011276245; 
Wave[56] = -0.0073575974; 
Wave[57] = -0.0066714287; 
Wave[58] = -0.010703325; 
Wave[59] = -0.012445927; 
Wave[60] = -0.016348362; 
Wave[61] = -0.013870597; 
Wave[62] = -0.020272017; 
Wave[63] = -0.0219239; 
Wave[64] = -0.031440735; 
Wave[65] = -0.041262865; 
Wave[66] = -0.045584917; 
Wave[67] = -0.053257585; 
Wave[68] = -0.059721947; 
Wave[69] = -0.06751335; 
Wave[70] = -0.074573755; 
Wave[71] = -0.08620119; 
Wave[72] = -0.08985996; 
Wave[73] = -0.09750271; 
Wave[74] = -0.10298085; 
Wave[75] = -0.1099; 
Wave[76] = -0.11370897; 
Wave[77] = -0.11244726; 
Wave[78] = -0.113098145; 
Wave[79] = -0.11755347; 
Wave[80] = -0.11790848; 
Wave[81] = -0.12100577; 
Wave[82] = -0.1204617; 
Wave[83] = -0.121205926; 
Wave[84] = -0.120036125; 
Wave[85] = -0.11804438; 
Wave[86] = -0.114275694; 
Wave[87] = -0.10662961; 
Wave[88] = -0.10471153; 
Wave[89] = -0.09597707; 
Wave[90] = -0.087222815; 
Wave[91] = -0.07165897; 
Wave[92] = -0.05632782; 
Wave[93] = -0.03791511; 
Wave[94] = -0.017135382; 
Wave[95] = 0.004770994; 
Wave[96] = 0.02565384; 
Wave[97] = 0.041013956; 
Wave[98] = 0.055398703; 
Wave[99] = 0.06281865; 
Wave[100] = 0.06950331; 
Wave[101] = 0.07412863; 
Wave[102] = 0.076052904; 
Wave[103] = 0.07321334; 
Wave[104] = 0.07186127; 
Wave[105] = 0.062167525; 
Wave[106] = 0.05496669; 
Wave[107] = 0.053971767; 
Wave[108] = 0.04992199; 
Wave[109] = 0.045185924; 
Wave[110] = 0.042814016; 
Wave[111] = 0.040846825; 
Wave[112] = 0.03862381; 
Wave[113] = 0.029157758; 
Wave[114] = 0.028315306; 
Wave[115] = 0.021404147; 
Wave[116] = 0.014839649; 
Wave[117] = 0.0072618723; 
Wave[118] = 0.004008293; 
Wave[119] = 0.0; 
Wave[120] = -0.0030670166; 
Wave[121] = -0.005338073; 
Wave[122] = 0.0; 
Wave[123] = 0.005183935; 
Wave[124] = 0.00984478; 
Wave[125] = 0.018311977; 
Wave[126] = 0.024131775; 
Wave[127] = 0.024532914; 
Selected.WaveTable.set( 1 , Wave ); 

?> 
