#defaults=no 
#cm=OSC 
Wave=2 
<? 

float Wave[ 128 ]; 
Wave[0] = -0.13209534; 
Wave[1] = -0.1251036; 
Wave[2] = -0.115244865; 
Wave[3] = -0.103688836; 
Wave[4] = -0.09595442; 
Wave[5] = -0.08949256; 
Wave[6] = -0.08459568; 
Wave[7] = -0.08268595; 
Wave[8] = -0.07757473; 
Wave[9] = -0.07409155; 
Wave[10] = -0.074653864; 
Wave[11] = -0.07208955; 
Wave[12] = -0.06962967; 
Wave[13] = -0.06737304; 
Wave[14] = -0.06285334; 
Wave[15] = -0.06195283; 
Wave[16] = -0.06257057; 
Wave[17] = -0.059907556; 
Wave[18] = -0.05767727; 
Wave[19] = -0.056019425; 
Wave[20] = -0.0553298; 
Wave[21] = -0.05158353; 
Wave[22] = -0.049734592; 
Wave[23] = -0.051071405; 
Wave[24] = -0.04716301; 
Wave[25] = -0.04511094; 
Wave[26] = -0.0438087; 
Wave[27] = -0.03607428; 
Wave[28] = -0.029763222; 
Wave[29] = -0.024705887; 
Wave[30] = -0.02148056; 
Wave[31] = -0.0143533945; 
Wave[32] = -0.0061798096; 
Wave[33] = 0.0020956993; 
Wave[34] = 0.010684013; 
Wave[35] = 0.019601464; 
Wave[36] = 0.028642178; 
Wave[37] = 0.03342712; 
Wave[38] = 0.03707266; 
Wave[39] = 0.03934133; 
Wave[40] = 0.03846073; 
Wave[41] = 0.04069507; 
Wave[42] = 0.04198122; 
Wave[43] = 0.038182974; 
Wave[44] = 0.03601551; 
Wave[45] = 0.035242915; 
Wave[46] = 0.036038637; 
Wave[47] = 0.034054875; 
Wave[48] = 0.031583786; 
Wave[49] = 0.02823925; 
Wave[50] = 0.020345688; 
Wave[51] = 0.014569163; 
Wave[52] = 0.010481834; 
Wave[53] = 0.008508444; 
Wave[54] = 0.004156828; 
Wave[55] = -0.0024552345; 
Wave[56] = -0.012088776; 
Wave[57] = -0.019916654; 
Wave[58] = -0.025783777; 
Wave[59] = -0.02978003; 
Wave[60] = -0.037323475; 
Wave[61] = -0.041707873; 
Wave[62] = -0.043604374; 
Wave[63] = -0.04366803; 
Wave[64] = -0.04094696; 
Wave[65] = -0.037299037; 
Wave[66] = -0.0340631; 
Wave[67] = -0.02921784; 
Wave[68] = -0.024338245; 
Wave[69] = -0.019850373; 
Wave[70] = -0.009037018; 
Wave[71] = 0.0; 
Wave[72] = 0.0093250275; 
Wave[73] = 0.017833948; 
Wave[74] = 0.025215864; 
Wave[75] = 0.03308034; 
Wave[76] = 0.044941902; 
Wave[77] = 0.054385185; 
Wave[78] = 0.062151194; 
Wave[79] = 0.0679971; 
Wave[80] = 0.07795334; 
Wave[81] = 0.08686173; 
Wave[82] = 0.093976736; 
Wave[83] = 0.099992394; 
Wave[84] = 0.10308218; 
Wave[85] = 0.1046356; 
Wave[86] = 0.1093781; 
Wave[87] = 0.11200273; 
Wave[88] = 0.11359596; 
Wave[89] = 0.11476302; 
Wave[90] = 0.11373353; 
Wave[91] = 0.11356473; 
Wave[92] = 0.115410805; 
Wave[93] = 0.11964822; 
Wave[94] = 0.12330723; 
Wave[95] = 0.12634706; 
Wave[96] = 0.1296997; 
Wave[97] = 0.13627315; 
Wave[98] = 0.14533925; 
Wave[99] = 0.15710533; 
Wave[100] = 0.17291641; 
Wave[101] = 0.18959987; 
Wave[102] = 0.2055037; 
Wave[103] = 0.22185957; 
Wave[104] = 0.2366085; 
Wave[105] = 0.24936771; 
Wave[106] = 0.266428; 
Wave[107] = 0.28013837; 
Wave[108] = 0.29086637; 
Wave[109] = 0.29847348; 
Wave[110] = 0.30456543; 
Wave[111] = 0.3083552; 
Wave[112] = 0.30743217; 
Wave[113] = 0.30850196; 
Wave[114] = 0.3067782; 
Wave[115] = 0.2998289; 
Wave[116] = 0.29391098; 
Wave[117] = 0.28787744; 
Wave[118] = 0.28106642; 
Wave[119] = 0.26589465; 
Wave[120] = 0.25014877; 
Wave[121] = 0.23372006; 
Wave[122] = 0.21583223; 
Wave[123] = 0.19169056; 
Wave[124] = 0.16398335; 
Wave[125] = 0.13298202; 
Wave[126] = 0.097471; 
Wave[127] = 0.013405085; 
Selected.WaveTable.set( 1 , Wave ); 

?> 
