#defaults=no 
#cm=OSC 
Wave=2 
<? 

float Wave[ 128 ]; 
Wave[0] = 0.0066375732; 
Wave[1] = 0.022167563; 
Wave[2] = 0.034325838; 
Wave[3] = 0.03410411; 
Wave[4] = 0.03370142; 
Wave[5] = 0.023420453; 
Wave[6] = 0.007004738; 
Wave[7] = -0.0016027689; 
Wave[8] = -0.018222809; 
Wave[9] = -0.030756712; 
Wave[10] = -0.04906249; 
Wave[11] = -0.058848977; 
Wave[12] = -0.0741601; 
Wave[13] = -0.08417475; 
Wave[14] = -0.09941268; 
Wave[15] = -0.11013496; 
Wave[16] = -0.11805344; 
Wave[17] = -0.12639332; 
Wave[18] = -0.12725425; 
Wave[19] = -0.13056242; 
Wave[20] = -0.1300869; 
Wave[21] = -0.12787294; 
Wave[22] = -0.12755728; 
Wave[23] = -0.13187146; 
Wave[24] = -0.13188839; 
Wave[25] = -0.13907814; 
Wave[26] = -0.15105963; 
Wave[27] = -0.15853477; 
Wave[28] = -0.17288876; 
Wave[29] = -0.18759227; 
Wave[30] = -0.19227314; 
Wave[31] = -0.19594586; 
Wave[32] = -0.18940353; 
Wave[33] = -0.1832931; 
Wave[34] = -0.16714096; 
Wave[35] = -0.15549862; 
Wave[36] = -0.13918352; 
Wave[37] = -0.11991525; 
Wave[38] = -0.10387826; 
Wave[39] = -0.09319806; 
Wave[40] = -0.077563286; 
Wave[41] = -0.06189072; 
Wave[42] = -0.051501274; 
Wave[43] = -0.03333795; 
Wave[44] = -0.021346569; 
Wave[45] = -0.00630188; 
Wave[46] = 0.0065505505; 
Wave[47] = 0.019351482; 
Wave[48] = 0.02604866; 
Wave[49] = 0.0320307; 
Wave[50] = 0.03130865; 
Wave[51] = 0.025460482; 
Wave[52] = 0.0218544; 
Wave[53] = 0.01618898; 
Wave[54] = 0.0090518; 
Wave[55] = 0.005099058; 
Wave[56] = -0.0010280609; 
Wave[57] = 0.0; 
Wave[58] = -0.0011110306; 
Wave[59] = 0.0060737133; 
Wave[60] = 0.015554428; 
Wave[61] = 0.025330901; 
Wave[62] = 0.043848753; 
Wave[63] = 0.059694886; 
Wave[64] = 0.071899414; 
Wave[65] = 0.0896132; 
Wave[66] = 0.10090089; 
Wave[67] = 0.10766494; 
Wave[68] = 0.11865282; 
Wave[69] = 0.12021303; 
Wave[70] = 0.1192348; 
Wave[71] = 0.12221825; 
Wave[72] = 0.12598896; 
Wave[73] = 0.124557495; 
Wave[74] = 0.12817049; 
Wave[75] = 0.13463342; 
Wave[76] = 0.13642979; 
Wave[77] = 0.14112794; 
Wave[78] = 0.13946342; 
Wave[79] = 0.14377618; 
Wave[80] = 0.1446495; 
Wave[81] = 0.15100038; 
Wave[82] = 0.15677953; 
Wave[83] = 0.16316032; 
Wave[84] = 0.17484713; 
Wave[85] = 0.17915714; 
Wave[86] = 0.18579769; 
Wave[87] = 0.18308425; 
Wave[88] = 0.17594719; 
Wave[89] = 0.16210425; 
Wave[90] = 0.14765692; 
Wave[91] = 0.13106275; 
Wave[92] = 0.117208004; 
Wave[93] = 0.09716785; 
Wave[94] = 0.078270435; 
Wave[95] = 0.061657906; 
Wave[96] = 0.049980164; 
Wave[97] = 0.038616657; 
Wave[98] = 0.028692245; 
Wave[99] = 0.018808722; 
Wave[100] = 0.013041973; 
Wave[101] = 0.013226986; 
Wave[102] = 0.012948513; 
Wave[103] = 0.012496829; 
Wave[104] = 0.010437012; 
Wave[105] = 0.015475512; 
Wave[106] = 0.020323753; 
Wave[107] = 0.020768404; 
Wave[108] = 0.02257061; 
Wave[109] = 0.02214086; 
Wave[110] = 0.02197051; 
Wave[111] = 0.02068901; 
Wave[112] = 0.01540184; 
Wave[113] = 0.0073189735; 
Wave[114] = 0.0030150414; 
Wave[115] = -0.003739953; 
Wave[116] = -0.009667397; 
Wave[117] = -0.007138729; 
Wave[118] = -0.007624626; 
Wave[119] = -0.00907743; 
Wave[120] = -0.014657974; 
Wave[121] = -0.024276257; 
Wave[122] = -0.040612698; 
Wave[123] = -0.04992652; 
Wave[124] = -0.06440401; 
Wave[125] = -0.06940365; 
Wave[126] = -0.061161518; 
Wave[127] = -0.05738008; 
Selected.WaveTable.set( 1 , Wave ); 

?> 
