#defaults=no 
#cm=OSC 
Wave=2 
<? 

float Wave[ 128 ]; 
Wave[0] = -0.04711914; 
Wave[1] = -0.038149834; 
Wave[2] = -0.03115797; 
Wave[3] = -0.025581121; 
Wave[4] = -0.019841194; 
Wave[5] = -0.014250755; 
Wave[6] = -0.01004982; 
Wave[7] = -0.008805275; 
Wave[8] = -0.0064640045; 
Wave[9] = -0.0037353039; 
Wave[10] = 0.0; 
Wave[11] = 0.0; 
Wave[12] = 0.002005577; 
Wave[13] = 0.0044002533; 
Wave[14] = 0.0019111633; 
Wave[15] = -0.0022218227; 
Wave[16] = -0.005794525; 
Wave[17] = -0.00750041; 
Wave[18] = -0.011629581; 
Wave[19] = -0.01652956; 
Wave[20] = -0.022027016; 
Wave[21] = -0.0277884; 
Wave[22] = -0.034944534; 
Wave[23] = -0.04122448; 
Wave[24] = -0.042640686; 
Wave[25] = -0.046509266; 
Wave[26] = -0.05035019; 
Wave[27] = -0.053354263; 
Wave[28] = -0.056746483; 
Wave[29] = -0.059271336; 
Wave[30] = -0.06099224; 
Wave[31] = -0.062043667; 
Wave[32] = -0.06159973; 
Wave[33] = -0.061264277; 
Wave[34] = -0.06269121; 
Wave[35] = -0.060426712; 
Wave[36] = -0.05627346; 
Wave[37] = -0.050554752; 
Wave[38] = -0.048602104; 
Wave[39] = -0.042426586; 
Wave[40] = -0.033985138; 
Wave[41] = -0.028084278; 
Wave[42] = -0.022637367; 
Wave[43] = -0.017798662; 
Wave[44] = -0.013882637; 
Wave[45] = -0.007679224; 
Wave[46] = 0.0; 
Wave[47] = 0.00970149; 
Wave[48] = 0.014003754; 
Wave[49] = 0.02093339; 
Wave[50] = 0.02884531; 
Wave[51] = 0.03512168; 
Wave[52] = 0.03925228; 
Wave[53] = 0.043697596; 
Wave[54] = 0.04954481; 
Wave[55] = 0.05525875; 
Wave[56] = 0.060949326; 
Wave[57] = 0.06705284; 
Wave[58] = 0.07658005; 
Wave[59] = 0.08057141; 
Wave[60] = 0.083055496; 
Wave[61] = 0.08826971; 
Wave[62] = 0.0936923; 
Wave[63] = 0.09929824; 
Wave[64] = 0.10510254; 
Wave[65] = 0.11142182; 
Wave[66] = 0.115038395; 
Wave[67] = 0.11744261; 
Wave[68] = 0.1239872; 
Wave[69] = 0.12804556; 
Wave[70] = 0.13045216; 
Wave[71] = 0.13120317; 
Wave[72] = 0.1373806; 
Wave[73] = 0.14189816; 
Wave[74] = 0.14397812; 
Wave[75] = 0.15110207; 
Wave[76] = 0.15478134; 
Wave[77] = 0.15750647; 
Wave[78] = 0.16478062; 
Wave[79] = 0.17389059; 
Wave[80] = 0.18151474; 
Wave[81] = 0.18549514; 
Wave[82] = 0.1956439; 
Wave[83] = 0.20446754; 
Wave[84] = 0.21156406; 
Wave[85] = 0.21826959; 
Wave[86] = 0.22292948; 
Wave[87] = 0.22707534; 
Wave[88] = 0.23279381; 
Wave[89] = 0.23816824; 
Wave[90] = 0.24395323; 
Wave[91] = 0.25046563; 
Wave[92] = 0.25327492; 
Wave[93] = 0.25365758; 
Wave[94] = 0.25249243; 
Wave[95] = 0.2534473; 
Wave[96] = 0.2542572; 
Wave[97] = 0.2539544; 
Wave[98] = 0.25105762; 
Wave[99] = 0.2455945; 
Wave[100] = 0.2384777; 
Wave[101] = 0.22977567; 
Wave[102] = 0.2205596; 
Wave[103] = 0.21283698; 
Wave[104] = 0.20541191; 
Wave[105] = 0.19475818; 
Wave[106] = 0.18116188; 
Wave[107] = 0.167454; 
Wave[108] = 0.15542698; 
Wave[109] = 0.14595127; 
Wave[110] = 0.13464737; 
Wave[111] = 0.121157646; 
Wave[112] = 0.10746765; 
Wave[113] = 0.09276819; 
Wave[114] = 0.0783844; 
Wave[115] = 0.06705475; 
Wave[116] = 0.057227135; 
Wave[117] = 0.04730487; 
Wave[118] = 0.03660822; 
Wave[119] = 0.023973942; 
Wave[120] = 0.012319565; 
Wave[121] = 0.0019602776; 
Wave[122] = -0.00552845; 
Wave[123] = -0.013527155; 
Wave[124] = -0.02105236; 
Wave[125] = -0.026642084; 
Wave[126] = -0.029676914; 
Wave[127] = -0.035896778; 
Selected.WaveTable.set( 1 , Wave ); 

?> 
