#defaults=no 
#cm=OSC 
Wave=2 
<? 

float Wave[ 128 ]; 
Wave[0] = -0.03791809; 
Wave[1] = -0.016777992; 
Wave[2] = -0.0013279915; 
Wave[3] = -0.0059900284; 
Wave[4] = -0.021637917; 
Wave[5] = -0.03620696; 
Wave[6] = -0.039818764; 
Wave[7] = -0.036456585; 
Wave[8] = -0.060489655; 
Wave[9] = -0.049307346; 
Wave[10] = 0.00853157; 
Wave[11] = 0.048047066; 
Wave[12] = 0.04357624; 
Wave[13] = 0.03851223; 
Wave[14] = 0.04775524; 
Wave[15] = 0.0440588; 
Wave[16] = 0.06322098; 
Wave[17] = 0.113959074; 
Wave[18] = 0.12219763; 
Wave[19] = 0.08095479; 
Wave[20] = 0.01913166; 
Wave[21] = -0.043570757; 
Wave[22] = -0.10754347; 
Wave[23] = -0.14706564; 
Wave[24] = -0.09869957; 
Wave[25] = -0.048603773; 
Wave[26] = -0.02765894; 
Wave[27] = 0.010823727; 
Wave[28] = 0.06221199; 
Wave[29] = 0.06540322; 
Wave[30] = 0.06964588; 
Wave[31] = 0.077516556; 
Wave[32] = 0.08678436; 
Wave[33] = 0.04398179; 
Wave[34] = -0.009149075; 
Wave[35] = -0.043724775; 
Wave[36] = -0.053834915; 
Wave[37] = -0.050397158; 
Wave[38] = -0.062246323; 
Wave[39] = -0.05285549; 
Wave[40] = -0.030603409; 
Wave[41] = -0.01611042; 
Wave[42] = 0.0; 
Wave[43] = 0.0024564266; 
Wave[44] = 0.016677856; 
Wave[45] = 0.015362978; 
Wave[46] = 0.012134075; 
Wave[47] = 0.053169012; 
Wave[48] = 0.07910538; 
Wave[49] = 0.04402113; 
Wave[50] = 0.016906738; 
Wave[51] = 0.02004528; 
Wave[52] = 0.031028748; 
Wave[53] = 0.0075764656; 
Wave[54] = -0.037968636; 
Wave[55] = -0.051356554; 
Wave[56] = -0.038002014; 
Wave[57] = -0.02703309; 
Wave[58] = -0.0073227882; 
Wave[59] = 0.015197754; 
Wave[60] = -0.0019960403; 
Wave[61] = -0.028596878; 
Wave[62] = -0.008904457; 
Wave[63] = 0.0125768185; 
Wave[64] = 0.008560181; 
Wave[65] = -0.01471591; 
Wave[66] = -0.056679726; 
Wave[67] = -0.051469564; 
Wave[68] = -0.012878418; 
Wave[69] = 0.0015130043; 
Wave[70] = -0.011902809; 
Wave[71] = -0.0015366077; 
Wave[72] = 0.032007217; 
Wave[73] = 0.047803402; 
Wave[74] = 0.0549469; 
Wave[75] = 0.04410863; 
Wave[76] = 0.018655777; 
Wave[77] = 0.014802694; 
Wave[78] = 0.024077892; 
Wave[79] = 0.0; 
Wave[80] = -0.059013367; 
Wave[81] = -0.10595322; 
Wave[82] = -0.05355358; 
Wave[83] = -0.016440868; 
Wave[84] = -0.02471447; 
Wave[85] = 0.0; 
Wave[86] = 0.056200027; 
Wave[87] = 0.05443549; 
Wave[88] = 0.066122055; 
Wave[89] = 0.08110356; 
Wave[90] = 0.069158554; 
Wave[91] = 0.008526325; 
Wave[92] = -0.030542374; 
Wave[93] = 0.001390934; 
Wave[94] = 0.033023834; 
Wave[95] = 0.033294678; 
Wave[96] = -0.018432617; 
Wave[97] = -0.039728165; 
Wave[98] = -0.050055504; 
Wave[99] = -0.05762005; 
Wave[100] = -0.062444687; 
Wave[101] = -0.051553726; 
Wave[102] = -0.038343906; 
Wave[103] = -0.014688253; 
Wave[104] = 0.021308899; 
Wave[105] = 0.072972536; 
Wave[106] = 0.07952881; 
Wave[107] = 0.03578472; 
Wave[108] = 0.053477287; 
Wave[109] = 0.10005784; 
Wave[110] = 0.093195915; 
Wave[111] = 0.02964282; 
Wave[112] = -0.04825592; 
Wave[113] = -0.07199049; 
Wave[114] = -0.07151365; 
Wave[115] = -0.06533027; 
Wave[116] = -0.035482407; 
Wave[117] = 0.0022203922; 
Wave[118] = 0.0045380592; 
Wave[119] = -0.0018959045; 
Wave[120] = 0.019845963; 
Wave[121] = 0.017735481; 
Wave[122] = -0.0031356812; 
Wave[123] = -0.014568567; 
Wave[124] = -0.016954422; 
Wave[125] = -0.003464222; 
Wave[126] = 0.008192539; 
Wave[127] = -0.011134148; 
Selected.WaveTable.set( 1 , Wave ); 

?> 
