#defaults=no 
#cm=OSC 
Wave=2 
<? 

float Wave[ 128 ]; 
Wave[0] = 0.01373291; 
Wave[1] = 0.016771078; 
Wave[2] = 0.024501324; 
Wave[3] = 0.04049349; 
Wave[4] = 0.015114784; 
Wave[5] = -0.010383844; 
Wave[6] = 0.0036449432; 
Wave[7] = 0.01234889; 
Wave[8] = 0.034000397; 
Wave[9] = 0.062143803; 
Wave[10] = 0.074944496; 
Wave[11] = 0.07639885; 
Wave[12] = 0.06610966; 
Wave[13] = 0.053147793; 
Wave[14] = 0.01893425; 
Wave[15] = -0.04788685; 
Wave[16] = -0.10095215; 
Wave[17] = -0.07599044; 
Wave[18] = -0.042657852; 
Wave[19] = -0.011130571; 
Wave[20] = 0.0050678253; 
Wave[21] = -0.007728815; 
Wave[22] = -0.045941353; 
Wave[23] = -0.059828043; 
Wave[24] = -0.022003174; 
Wave[25] = 0.013674974; 
Wave[26] = 0.083473206; 
Wave[27] = 0.021561146; 
Wave[28] = -0.100465775; 
Wave[29] = -0.114664316; 
Wave[30] = -0.073403835; 
Wave[31] = -0.025295973; 
Wave[32] = 0.043441772; 
Wave[33] = 0.12175965; 
Wave[34] = 0.17076302; 
Wave[35] = 0.17453909; 
Wave[36] = 0.1512165; 
Wave[37] = 0.07755995; 
Wave[38] = -0.0051021576; 
Wave[39] = -0.05720091; 
Wave[40] = -0.053590775; 
Wave[41] = -0.03267002; 
Wave[42] = -0.0167799; 
Wave[43] = -0.005444765; 
Wave[44] = -0.0104112625; 
Wave[45] = -0.007920027; 
Wave[46] = 0.025247097; 
Wave[47] = 0.023533344; 
Wave[48] = -0.0036582947; 
Wave[49] = -0.031217098; 
Wave[50] = -0.04749775; 
Wave[51] = -0.05629325; 
Wave[52] = -0.033522606; 
Wave[53] = -0.0073797703; 
Wave[54] = -0.011202335; 
Wave[55] = -0.027184725; 
Wave[56] = -0.03290367; 
Wave[57] = -0.02804017; 
Wave[58] = -0.03678894; 
Wave[59] = -0.047577858; 
Wave[60] = -0.025053978; 
Wave[61] = 0.009017944; 
Wave[62] = -0.011033535; 
Wave[63] = -0.023726463; 
Wave[64] = -0.008026123; 
Wave[65] = -0.009540319; 
Wave[66] = 0.014081955; 
Wave[67] = 0.04691434; 
Wave[68] = 0.050065994; 
Wave[69] = 0.039981365; 
Wave[70] = 0.05299759; 
Wave[71] = 0.07460189; 
Wave[72] = 0.049329758; 
Wave[73] = -0.011420727; 
Wave[74] = -0.02397585; 
Wave[75] = 0.0073258877; 
Wave[76] = 0.018773079; 
Wave[77] = 0.043836117; 
Wave[78] = 0.043501854; 
Wave[79] = 0.009255886; 
Wave[80] = -0.03570938; 
Wave[81] = -0.03297496; 
Wave[82] = -0.0011911392; 
Wave[83] = 0.017100334; 
Wave[84] = -0.012155533; 
Wave[85] = -0.06325722; 
Wave[86] = -0.07352352; 
Wave[87] = -0.046631336; 
Wave[88] = -0.01559639; 
Wave[89] = -0.033281088; 
Wave[90] = -0.05510378; 
Wave[91] = -0.0424335; 
Wave[92] = -0.008178711; 
Wave[93] = 0.026298761; 
Wave[94] = 0.044160843; 
Wave[95] = 0.021064997; 
Wave[96] = -0.011459351; 
Wave[97] = -0.029634237; 
Wave[98] = -0.008591652; 
Wave[99] = 0.027204514; 
Wave[100] = 0.020863533; 
Wave[101] = 0.010737419; 
Wave[102] = 0.006485939; 
Wave[103] = 0.02474451; 
Wave[104] = 0.038078308; 
Wave[105] = 0.04911971; 
Wave[106] = 0.054616928; 
Wave[107] = 0.03131318; 
Wave[108] = -0.008008003; 
Wave[109] = -0.0052199364; 
Wave[110] = 0.0; 
Wave[111] = 0.0016498566; 
Wave[112] = -0.0011100769; 
Wave[113] = -0.013544083; 
Wave[114] = -0.028767109; 
Wave[115] = -0.01471591; 
Wave[116] = -0.009191513; 
Wave[117] = -0.012475967; 
Wave[118] = -0.0042061806; 
Wave[119] = 0.016952991; 
Wave[120] = 0.008699417; 
Wave[121] = 0.10612583; 
Wave[122] = 0.06890011; 
Wave[123] = -0.06941199; 
Wave[124] = -0.11407757; 
Wave[125] = -0.07410002; 
Wave[126] = -0.023203373; 
Wave[127] = -0.019596577; 
Selected.WaveTable.set( 1 , Wave ); 

?> 
