#defaults=no 
#cm=OSC 
Wave=2 
<? 

float Wave[ 128 ]; 
Wave[0] = 0.08265686; 
Wave[1] = -0.009781957; 
Wave[2] = -0.031565428; 
Wave[3] = -0.026047349; 
Wave[4] = -0.00854826; 
Wave[5] = 0.0051463842; 
Wave[6] = -0.033184767; 
Wave[7] = -0.11673236; 
Wave[8] = -0.13561916; 
Wave[9] = -0.0998919; 
Wave[10] = -0.08893919; 
Wave[11] = -0.088150024; 
Wave[12] = -0.04836893; 
Wave[13] = -0.018059015; 
Wave[14] = -0.006918907; 
Wave[15] = -0.011123419; 
Wave[16] = 0.0; 
Wave[17] = 0.012843847; 
Wave[18] = 0.016340733; 
Wave[19] = 0.025128722; 
Wave[20] = 0.024113655; 
Wave[21] = 0.0066133738; 
Wave[22] = -0.015338421; 
Wave[23] = 0.022172093; 
Wave[24] = 0.088005066; 
Wave[25] = 0.10552311; 
Wave[26] = 0.0993073; 
Wave[27] = 0.13168216; 
Wave[28] = 0.211339; 
Wave[29] = 0.25469542; 
Wave[30] = 0.19223642; 
Wave[31] = 0.060180902; 
Wave[32] = -0.084415436; 
Wave[33] = -0.10496116; 
Wave[34] = -0.00524354; 
Wave[35] = 0.11659396; 
Wave[36] = 0.16028786; 
Wave[37] = 0.1116972; 
Wave[38] = 0.018201828; 
Wave[39] = -0.07172918; 
Wave[40] = -0.13454914; 
Wave[41] = -0.15822053; 
Wave[42] = -0.1631217; 
Wave[43] = -0.11654627; 
Wave[44] = -0.06921196; 
Wave[45] = -0.042452693; 
Wave[46] = -0.047400713; 
Wave[47] = -0.05443871; 
Wave[48] = -0.024345398; 
Wave[49] = -0.021306276; 
Wave[50] = -0.03107214; 
Wave[51] = -0.0170722; 
Wave[52] = 0.05072403; 
Wave[53] = 0.109248996; 
Wave[54] = 0.13068914; 
Wave[55] = 0.07934797; 
Wave[56] = 0.019129753; 
Wave[57] = 0.008400679; 
Wave[58] = 0.021861792; 
Wave[59] = 0.06914604; 
Wave[60] = 0.12906885; 
Wave[61] = 0.11191261; 
Wave[62] = 0.019663572; 
Wave[63] = -0.014350057; 
Wave[64] = 0.023117065; 
Wave[65] = 0.026224136; 
Wave[66] = -0.028283596; 
Wave[67] = -0.060619116; 
Wave[68] = -0.078197; 
Wave[69] = -0.07251215; 
Wave[70] = -0.047232866; 
Wave[71] = 0.014785171; 
Wave[72] = 0.06290722; 
Wave[73] = 0.058427453; 
Wave[74] = 0.021065474; 
Wave[75] = -0.035912633; 
Wave[76] = -0.09740639; 
Wave[77] = -0.14870858; 
Wave[78] = -0.1214273; 
Wave[79] = -0.06777084; 
Wave[80] = -0.045612335; 
Wave[81] = -0.04493916; 
Wave[82] = -0.008238554; 
Wave[83] = 0.023556113; 
Wave[84] = 0.040163517; 
Wave[85] = 0.03875661; 
Wave[86] = 0.063328266; 
Wave[87] = 0.09311855; 
Wave[88] = 0.109267235; 
Wave[89] = 0.18436205; 
Wave[90] = 0.23411846; 
Wave[91] = 0.17364776; 
Wave[92] = 0.056140423; 
Wave[93] = -0.056014538; 
Wave[94] = -0.096221685; 
Wave[95] = -0.08503103; 
Wave[96] = -0.060386658; 
Wave[97] = -0.053893685; 
Wave[98] = -0.034020185; 
Wave[99] = 0.0; 
Wave[100] = 0.02422905; 
Wave[101] = 0.027772784; 
Wave[102] = 0.03998208; 
Wave[103] = 0.07255185; 
Wave[104] = 0.083747864; 
Wave[105] = 0.034285307; 
Wave[106] = -0.012251854; 
Wave[107] = -0.028476119; 
Wave[108] = -0.048630714; 
Wave[109] = -0.088110924; 
Wave[110] = -0.1692574; 
Wave[111] = -0.22219813; 
Wave[112] = -0.20429993; 
Wave[113] = -0.17602003; 
Wave[114] = -0.13333344; 
Wave[115] = -0.042520165; 
Wave[116] = 0.048425198; 
Wave[117] = 0.06394291; 
Wave[118] = 0.08397293; 
Wave[119] = 0.17004097; 
Wave[120] = 0.27781487; 
Wave[121] = 0.3476038; 
Wave[122] = 0.3746693; 
Wave[123] = 0.29601777; 
Wave[124] = 0.14500141; 
Wave[125] = -0.0047792196; 
Wave[126] = -0.0876832; 
Wave[127] = -0.13746691; 
Selected.WaveTable.set( 1 , Wave ); 

?> 
