#defaults=no 
#cm=OSC 
Wave=2 
<? 

float Wave[ 128 ]; 
Wave[0] = -0.120773315; 
Wave[1] = -0.12839258; 
Wave[2] = -0.12825489; 
Wave[3] = -0.13368416; 
Wave[4] = -0.1288395; 
Wave[5] = -0.12816179; 
Wave[6] = -0.12093043; 
Wave[7] = -0.1155895; 
Wave[8] = -0.11110878; 
Wave[9] = -0.100688934; 
Wave[10] = -0.094050884; 
Wave[11] = -0.09041321; 
Wave[12] = -0.081980705; 
Wave[13] = -0.075802445; 
Wave[14] = -0.06677508; 
Wave[15] = -0.060102224; 
Wave[16] = -0.04798889; 
Wave[17] = -0.03982079; 
Wave[18] = -0.03544283; 
Wave[19] = -0.03343022; 
Wave[20] = -0.029548168; 
Wave[21] = -0.01941657; 
Wave[22] = -0.016526699; 
Wave[23] = -0.010076404; 
Wave[24] = -0.0037956238; 
Wave[25] = 0.0017447472; 
Wave[26] = 0.0075182915; 
Wave[27] = 0.015580773; 
Wave[28] = 0.022761345; 
Wave[29] = 0.024463534; 
Wave[30] = 0.030081749; 
Wave[31] = 0.040542483; 
Wave[32] = 0.045368195; 
Wave[33] = 0.055826545; 
Wave[34] = 0.060660124; 
Wave[35] = 0.071431756; 
Wave[36] = 0.07394838; 
Wave[37] = 0.078348875; 
Wave[38] = 0.07535124; 
Wave[39] = 0.07020259; 
Wave[40] = 0.069633484; 
Wave[41] = 0.06369448; 
Wave[42] = 0.052893877; 
Wave[43] = 0.04397726; 
Wave[44] = 0.037550926; 
Wave[45] = 0.02907741; 
Wave[46] = 0.021606922; 
Wave[47] = 0.011595726; 
Wave[48] = 0.0071868896; 
Wave[49] = 0.007442951; 
Wave[50] = 0.009085417; 
Wave[51] = 0.010182977; 
Wave[52] = 0.015969276; 
Wave[53] = 0.016930938; 
Wave[54] = 0.026787043; 
Wave[55] = 0.033326864; 
Wave[56] = 0.039675713; 
Wave[57] = 0.04508674; 
Wave[58] = 0.050911903; 
Wave[59] = 0.055730343; 
Wave[60] = 0.057029724; 
Wave[61] = 0.06471288; 
Wave[62] = 0.06627464; 
Wave[63] = 0.07028818; 
Wave[64] = 0.06517029; 
Wave[65] = 0.0681169; 
Wave[66] = 0.060369015; 
Wave[67] = 0.054313183; 
Wave[68] = 0.050388336; 
Wave[69] = 0.039920926; 
Wave[70] = 0.03887129; 
Wave[71] = 0.033592463; 
Wave[72] = 0.036480904; 
Wave[73] = 0.035077572; 
Wave[74] = 0.030511618; 
Wave[75] = 0.029662967; 
Wave[76] = 0.023389816; 
Wave[77] = 0.01213491; 
Wave[78] = -0.0016717911; 
Wave[79] = -0.018911242; 
Wave[80] = -0.029445648; 
Wave[81] = -0.041406393; 
Wave[82] = -0.05192828; 
Wave[83] = -0.05859196; 
Wave[84] = -0.06402063; 
Wave[85] = -0.06495643; 
Wave[86] = -0.06297135; 
Wave[87] = -0.0587188; 
Wave[88] = -0.0485754; 
Wave[89] = -0.043236017; 
Wave[90] = -0.033066273; 
Wave[91] = -0.022364736; 
Wave[92] = -0.019063473; 
Wave[93] = -0.010644317; 
Wave[94] = -0.01215148; 
Wave[95] = -0.011564493; 
Wave[96] = -0.018245697; 
Wave[97] = -0.02284348; 
Wave[98] = -0.023198843; 
Wave[99] = -0.024571776; 
Wave[100] = -0.02361679; 
Wave[101] = -0.016967654; 
Wave[102] = -0.006550789; 
Wave[103] = -0.0015254021; 
Wave[104] = 0.011539459; 
Wave[105] = 0.023225307; 
Wave[106] = 0.03013587; 
Wave[107] = 0.04348755; 
Wave[108] = 0.049000263; 
Wave[109] = 0.054498315; 
Wave[110] = 0.055489063; 
Wave[111] = 0.052386403; 
Wave[112] = 0.048122406; 
Wave[113] = 0.037950873; 
Wave[114] = 0.026744127; 
Wave[115] = 0.014459729; 
Wave[116] = 0.008498669; 
Wave[117] = -0.0029432774; 
Wave[118] = -0.018950462; 
Wave[119] = -0.030104637; 
Wave[120] = -0.050915718; 
Wave[121] = -0.071314335; 
Wave[122] = -0.09309387; 
Wave[123] = -0.10879755; 
Wave[124] = -0.12768841; 
Wave[125] = -0.14046645; 
Wave[126] = -0.15271783; 
Wave[127] = -0.1638304; 
Selected.WaveTable.set( 1 , Wave ); 

?> 
