#defaults=no 
#cm=OSC 
Wave=2 
<? 

float Wave[ 128 ]; 
Wave[0] = -0.05657959; 
Wave[1] = -0.05564344; 
Wave[2] = -0.047107697; 
Wave[3] = -0.037014723; 
Wave[4] = -0.03076315; 
Wave[5] = -0.024763703; 
Wave[6] = -0.020143509; 
Wave[7] = -0.0100444555; 
Wave[8] = 0.009311676; 
Wave[9] = 0.03156686; 
Wave[10] = 0.046158314; 
Wave[11] = 0.04699409; 
Wave[12] = 0.037047863; 
Wave[13] = 0.0055348873; 
Wave[14] = -0.02578044; 
Wave[15] = -0.043491006; 
Wave[16] = -0.052303314; 
Wave[17] = -0.056341887; 
Wave[18] = -0.05522895; 
Wave[19] = -0.060275912; 
Wave[20] = -0.0689373; 
Wave[21] = -0.08399403; 
Wave[22] = -0.095651865; 
Wave[23] = -0.10441947; 
Wave[24] = -0.10769844; 
Wave[25] = -0.10032022; 
Wave[26] = -0.087601185; 
Wave[27] = -0.0688529; 
Wave[28] = -0.04846859; 
Wave[29] = -0.040547848; 
Wave[30] = -0.040961742; 
Wave[31] = -0.050714254; 
Wave[32] = -0.07564545; 
Wave[33] = -0.09885514; 
Wave[34] = -0.11490226; 
Wave[35] = -0.12976706; 
Wave[36] = -0.13548183; 
Wave[37] = -0.13745165; 
Wave[38] = -0.13077116; 
Wave[39] = -0.120407104; 
Wave[40] = -0.10323429; 
Wave[41] = -0.09169364; 
Wave[42] = -0.08640218; 
Wave[43] = -0.0861994; 
Wave[44] = -0.09365606; 
Wave[45] = -0.10051465; 
Wave[46] = -0.10745621; 
Wave[47] = -0.1141001; 
Wave[48] = -0.11451149; 
Wave[49] = -0.10931158; 
Wave[50] = -0.0955286; 
Wave[51] = -0.082971096; 
Wave[52] = -0.06868982; 
Wave[53] = -0.054807067; 
Wave[54] = -0.044561386; 
Wave[55] = -0.038543463; 
Wave[56] = -0.02963543; 
Wave[57] = -0.022791982; 
Wave[58] = -0.021708488; 
Wave[59] = -0.014695287; 
Wave[60] = -0.013959885; 
Wave[61] = -0.017323136; 
Wave[62] = -0.016564608; 
Wave[63] = -0.017592072; 
Wave[64] = -0.022720337; 
Wave[65] = -0.032542467; 
Wave[66] = -0.043887854; 
Wave[67] = -0.056031823; 
Wave[68] = -0.06715679; 
Wave[69] = -0.0788424; 
Wave[70] = -0.09009719; 
Wave[71] = -0.105163336; 
Wave[72] = -0.11051369; 
Wave[73] = -0.10214555; 
Wave[74] = -0.08581853; 
Wave[75] = -0.053922296; 
Wave[76] = -0.007789612; 
Wave[77] = 0.04001069; 
Wave[78] = 0.08061051; 
Wave[79] = 0.11291981; 
Wave[80] = 0.13920784; 
Wave[81] = 0.15313923; 
Wave[82] = 0.17271209; 
Wave[83] = 0.20062876; 
Wave[84] = 0.23202944; 
Wave[85] = 0.2575767; 
Wave[86] = 0.27886057; 
Wave[87] = 0.28022373; 
Wave[88] = 0.26187134; 
Wave[89] = 0.23720896; 
Wave[90] = 0.201473; 
Wave[91] = 0.17463815; 
Wave[92] = 0.16142559; 
Wave[93] = 0.15220499; 
Wave[94] = 0.14871097; 
Wave[95] = 0.14796424; 
Wave[96] = 0.14513397; 
Wave[97] = 0.1456585; 
Wave[98] = 0.15649247; 
Wave[99] = 0.16160297; 
Wave[100] = 0.1780653; 
Wave[101] = 0.1832056; 
Wave[102] = 0.18550014; 
Wave[103] = 0.17539334; 
Wave[104] = 0.15629387; 
Wave[105] = 0.13428307; 
Wave[106] = 0.105752945; 
Wave[107] = 0.07444334; 
Wave[108] = 0.041127205; 
Wave[109] = 0.0039288998; 
Wave[110] = -0.02153635; 
Wave[111] = -0.04242742; 
Wave[112] = -0.052761078; 
Wave[113] = -0.056071162; 
Wave[114] = -0.05617094; 
Wave[115] = -0.054456472; 
Wave[116] = -0.059100628; 
Wave[117] = -0.0666877; 
Wave[118] = -0.07047415; 
Wave[119] = -0.07199955; 
Wave[120] = -0.08062172; 
Wave[121] = -0.08512545; 
Wave[122] = -0.09097195; 
Wave[123] = -0.09691858; 
Wave[124] = -0.09662962; 
Wave[125] = -0.10260308; 
Wave[126] = -0.102442026; 
Wave[127] = -0.09314549; 
Selected.WaveTable.set( 1 , Wave ); 

?> 
