#defaults=no 
#cm=OSC 
Wave=2 
<? 

float Wave[ 128 ]; 
Wave[0] = 0.01184082; 
Wave[1] = 0.011436939; 
Wave[2] = 0.015737295; 
Wave[3] = 0.016528964; 
Wave[4] = 0.014634609; 
Wave[5] = 0.0153512955; 
Wave[6] = 0.012003183; 
Wave[7] = 0.0057063103; 
Wave[8] = 0.0015649796; 
Wave[9] = -0.005476713; 
Wave[10] = -0.018445969; 
Wave[11] = -0.027492166; 
Wave[12] = -0.039797306; 
Wave[13] = -0.053159356; 
Wave[14] = -0.06547141; 
Wave[15] = -0.074701786; 
Wave[16] = -0.08382797; 
Wave[17] = -0.09439075; 
Wave[18] = -0.09797692; 
Wave[19] = -0.100515485; 
Wave[20] = -0.10531235; 
Wave[21] = -0.10951567; 
Wave[22] = -0.10973263; 
Wave[23] = -0.104834914; 
Wave[24] = -0.1060791; 
Wave[25] = -0.102865815; 
Wave[26] = -0.100474596; 
Wave[27] = -0.096113324; 
Wave[28] = -0.09635782; 
Wave[29] = -0.096500516; 
Wave[30] = -0.09851885; 
Wave[31] = -0.10319126; 
Wave[32] = -0.102127075; 
Wave[33] = -0.10473168; 
Wave[34] = -0.109758854; 
Wave[35] = -0.11114502; 
Wave[36] = -0.108780384; 
Wave[37] = -0.11303866; 
Wave[38] = -0.11136842; 
Wave[39] = -0.111447096; 
Wave[40] = -0.113310814; 
Wave[41] = -0.10918236; 
Wave[42] = -0.10417819; 
Wave[43] = -0.1013844; 
Wave[44] = -0.09290075; 
Wave[45] = -0.08610463; 
Wave[46] = -0.07425237; 
Wave[47] = -0.06232083; 
Wave[48] = -0.047908783; 
Wave[49] = -0.036376238; 
Wave[50] = -0.016566038; 
Wave[51] = -0.001355052; 
Wave[52] = 0.020610332; 
Wave[53] = 0.036444664; 
Wave[54] = 0.05864048; 
Wave[55] = 0.0776248; 
Wave[56] = 0.09689045; 
Wave[57] = 0.115149975; 
Wave[58] = 0.13633657; 
Wave[59] = 0.15270722; 
Wave[60] = 0.16965199; 
Wave[61] = 0.1867435; 
Wave[62] = 0.20140839; 
Wave[63] = 0.21102738; 
Wave[64] = 0.21993256; 
Wave[65] = 0.23044705; 
Wave[66] = 0.23434353; 
Wave[67] = 0.23427176; 
Wave[68] = 0.24034452; 
Wave[69] = 0.24013865; 
Wave[70] = 0.23241925; 
Wave[71] = 0.22887981; 
Wave[72] = 0.2152319; 
Wave[73] = 0.20514524; 
Wave[74] = 0.18748808; 
Wave[75] = 0.1705718; 
Wave[76] = 0.15489244; 
Wave[77] = 0.13688803; 
Wave[78] = 0.1182518; 
Wave[79] = 0.10745728; 
Wave[80] = 0.10254097; 
Wave[81] = 0.102235556; 
Wave[82] = 0.101834774; 
Wave[83] = 0.11258364; 
Wave[84] = 0.11563873; 
Wave[85] = 0.12375915; 
Wave[86] = 0.1268909; 
Wave[87] = 0.122352004; 
Wave[88] = 0.11252117; 
Wave[89] = 0.10756254; 
Wave[90] = 0.09553695; 
Wave[91] = 0.076670766; 
Wave[92] = 0.061069965; 
Wave[93] = 0.035497308; 
Wave[94] = 0.007766485; 
Wave[95] = -0.02052319; 
Wave[96] = -0.056854248; 
Wave[97] = -0.08519411; 
Wave[98] = -0.111765146; 
Wave[99] = -0.13454211; 
Wave[100] = -0.1487689; 
Wave[101] = -0.15620291; 
Wave[102] = -0.16340876; 
Wave[103] = -0.15951788; 
Wave[104] = -0.1583023; 
Wave[105] = -0.1470753; 
Wave[106] = -0.14136648; 
Wave[107] = -0.12476742; 
Wave[108] = -0.11445427; 
Wave[109] = -0.096951246; 
Wave[110] = -0.08308029; 
Wave[111] = -0.06665957; 
Wave[112] = -0.054201126; 
Wave[113] = -0.040935397; 
Wave[114] = -0.027574062; 
Wave[115] = -0.021065354; 
Wave[116] = -0.013798714; 
Wave[117] = -0.0036536455; 
Wave[118] = 0.0012454987; 
Wave[119] = 0.0082041025; 
Wave[120] = 0.013883591; 
Wave[121] = 0.019529104; 
Wave[122] = 0.025186062; 
Wave[123] = 0.031237125; 
Wave[124] = 0.037499428; 
Wave[125] = 0.04512763; 
Wave[126] = 0.05576086; 
Wave[127] = 0.06109774; 
Selected.WaveTable.set( 1 , Wave ); 

?> 
