#defaults=no 
#cm=OSC 
Wave=2 
<? 

float Wave[ 128 ]; 
Wave[0] = -0.02671814; 
Wave[1] = -0.021400928; 
Wave[2] = -0.021287918; 
Wave[3] = -0.030688286; 
Wave[4] = -0.044561386; 
Wave[5] = -0.050955296; 
Wave[6] = -0.05047226; 
Wave[7] = -0.046768665; 
Wave[8] = -0.036380768; 
Wave[9] = -0.016701221; 
Wave[10] = 0.0076007843; 
Wave[11] = 0.03339863; 
Wave[12] = 0.058055878; 
Wave[13] = 0.069966316; 
Wave[14] = 0.070319176; 
Wave[15] = 0.06412554; 
Wave[16] = 0.06110382; 
Wave[17] = 0.067304134; 
Wave[18] = 0.0836525; 
Wave[19] = 0.08274746; 
Wave[20] = 0.08724594; 
Wave[21] = 0.08445072; 
Wave[22] = 0.09436035; 
Wave[23] = 0.10539389; 
Wave[24] = 0.1064682; 
Wave[25] = 0.09856367; 
Wave[26] = 0.07814503; 
Wave[27] = 0.044662; 
Wave[28] = 0.012992859; 
Wave[29] = -0.021360397; 
Wave[30] = -0.050563812; 
Wave[31] = -0.07993603; 
Wave[32] = -0.10456848; 
Wave[33] = -0.13006306; 
Wave[34] = -0.14095211; 
Wave[35] = -0.14065695; 
Wave[36] = -0.12459755; 
Wave[37] = -0.109041214; 
Wave[38] = -0.086094856; 
Wave[39] = -0.085981846; 
Wave[40] = -0.089920044; 
Wave[41] = -0.08279276; 
Wave[42] = -0.054701805; 
Wave[43] = -0.017232895; 
Wave[44] = 0.018054962; 
Wave[45] = 0.03161192; 
Wave[46] = 0.034143448; 
Wave[47] = 0.015724659; 
Wave[48] = -0.007446289; 
Wave[49] = -0.02839756; 
Wave[50] = -0.049102783; 
Wave[51] = -0.06035471; 
Wave[52] = -0.06743622; 
Wave[53] = -0.06927633; 
Wave[54] = -0.07109547; 
Wave[55] = -0.07874107; 
Wave[56] = -0.088012695; 
Wave[57] = -0.0949173; 
Wave[58] = -0.10647774; 
Wave[59] = -0.116434574; 
Wave[60] = -0.12328529; 
Wave[61] = -0.13599777; 
Wave[62] = -0.1546421; 
Wave[63] = -0.16591692; 
Wave[64] = -0.17704773; 
Wave[65] = -0.18800974; 
Wave[66] = -0.20733261; 
Wave[67] = -0.22450161; 
Wave[68] = -0.24552536; 
Wave[69] = -0.25403595; 
Wave[70] = -0.25359535; 
Wave[71] = -0.24334621; 
Wave[72] = -0.22644806; 
Wave[73] = -0.20282412; 
Wave[74] = -0.18633366; 
Wave[75] = -0.1615777; 
Wave[76] = -0.13846016; 
Wave[77] = -0.1093359; 
Wave[78] = -0.077646255; 
Wave[79] = -0.0462718; 
Wave[80] = -0.0037994385; 
Wave[81] = 0.03845024; 
Wave[82] = 0.083818436; 
Wave[83] = 0.12146473; 
Wave[84] = 0.1492958; 
Wave[85] = 0.16975594; 
Wave[86] = 0.17956257; 
Wave[87] = 0.18861055; 
Wave[88] = 0.18825912; 
Wave[89] = 0.18142366; 
Wave[90] = 0.16593838; 
Wave[91] = 0.1387744; 
Wave[92] = 0.09517479; 
Wave[93] = 0.051124573; 
Wave[94] = 0.016655922; 
Wave[95] = 0.014850616; 
Wave[96] = 0.04298401; 
Wave[97] = 0.08321524; 
Wave[98] = 0.13202572; 
Wave[99] = 0.17464256; 
Wave[100] = 0.21822357; 
Wave[101] = 0.26402855; 
Wave[102] = 0.32231045; 
Wave[103] = 0.3786273; 
Wave[104] = 0.42793655; 
Wave[105] = 0.4654317; 
Wave[106] = 0.4782858; 
Wave[107] = 0.46500206; 
Wave[108] = 0.4296627; 
Wave[109] = 0.37710238; 
Wave[110] = 0.31212234; 
Wave[111] = 0.24398804; 
Wave[112] = 0.17577362; 
Wave[113] = 0.11023903; 
Wave[114] = 0.05628109; 
Wave[115] = 0.016587257; 
Wave[116] = -0.01859665; 
Wave[117] = -0.040131092; 
Wave[118] = -0.05862713; 
Wave[119] = -0.07919073; 
Wave[120] = -0.090740204; 
Wave[121] = -0.10656023; 
Wave[122] = -0.12312317; 
Wave[123] = -0.13196087; 
Wave[124] = -0.13790894; 
Wave[125] = -0.13565254; 
Wave[126] = -0.12041283; 
Wave[127] = -0.10063267; 
Selected.WaveTable.set( 1 , Wave ); 

?> 
