#defaults=no 
#cm=OSC 
Wave=2 
<? 

float Wave[ 128 ]; 
Wave[0] = 0.06518555; 
Wave[1] = 0.026060581; 
Wave[2] = -0.010684967; 
Wave[3] = -0.022202492; 
Wave[4] = -0.03191185; 
Wave[5] = -0.048501015; 
Wave[6] = -0.052869797; 
Wave[7] = -0.06557369; 
Wave[8] = -0.078948975; 
Wave[9] = -0.094646454; 
Wave[10] = -0.11548424; 
Wave[11] = -0.13184023; 
Wave[12] = -0.16586685; 
Wave[13] = -0.16949844; 
Wave[14] = -0.17691422; 
Wave[15] = -0.18319511; 
Wave[16] = -0.17404175; 
Wave[17] = -0.16526651; 
Wave[18] = -0.16419697; 
Wave[19] = -0.17494535; 
Wave[20] = -0.18159866; 
Wave[21] = -0.18604517; 
Wave[22] = -0.18558598; 
Wave[23] = -0.17755032; 
Wave[24] = -0.17392349; 
Wave[25] = -0.16122103; 
Wave[26] = -0.14852619; 
Wave[27] = -0.12684679; 
Wave[28] = -0.10687637; 
Wave[29] = -0.07243395; 
Wave[30] = -0.057525635; 
Wave[31] = -0.043934345; 
Wave[32] = -0.029434204; 
Wave[33] = -0.010481358; 
Wave[34] = 0.007959366; 
Wave[35] = 0.014592171; 
Wave[36] = 0.032194138; 
Wave[37] = 0.050495625; 
Wave[38] = 0.07231426; 
Wave[39] = 0.08857298; 
Wave[40] = 0.09976959; 
Wave[41] = 0.103811264; 
Wave[42] = 0.100408554; 
Wave[43] = 0.08736563; 
Wave[44] = 0.063648224; 
Wave[45] = 0.035005093; 
Wave[46] = -0.0042696; 
Wave[47] = -0.04081297; 
Wave[48] = -0.07633972; 
Wave[49] = -0.099565506; 
Wave[50] = -0.10201359; 
Wave[51] = -0.08280277; 
Wave[52] = -0.05139923; 
Wave[53] = -0.01943636; 
Wave[54] = 0.005498886; 
Wave[55] = 0.017718315; 
Wave[56] = 0.024410248; 
Wave[57] = 0.044747353; 
Wave[58] = 0.072060585; 
Wave[59] = 0.10547972; 
Wave[60] = 0.13550377; 
Wave[61] = 0.16088867; 
Wave[62] = 0.18706226; 
Wave[63] = 0.21433496; 
Wave[64] = 0.23554993; 
Wave[65] = 0.2501197; 
Wave[66] = 0.25809288; 
Wave[67] = 0.25652552; 
Wave[68] = 0.26014137; 
Wave[69] = 0.26723385; 
Wave[70] = 0.27718544; 
Wave[71] = 0.2759695; 
Wave[72] = 0.2538147; 
Wave[73] = 0.21732569; 
Wave[74] = 0.17327309; 
Wave[75] = 0.12627792; 
Wave[76] = 0.078315735; 
Wave[77] = 0.03157425; 
Wave[78] = -0.0019798279; 
Wave[79] = -0.020439148; 
Wave[80] = -0.020805359; 
Wave[81] = -0.0153512955; 
Wave[82] = -0.0056085587; 
Wave[83] = 0.0014400482; 
Wave[84] = 0.004961014; 
Wave[85] = -0.0014510155; 
Wave[86] = 0.0; 
Wave[87] = 0.0014672279; 
Wave[88] = -0.0021476746; 
Wave[89] = -0.010921478; 
Wave[90] = -0.01581192; 
Wave[91] = -0.01625061; 
Wave[92] = -0.0101184845; 
Wave[93] = 0.0; 
Wave[94] = 0.0049562454; 
Wave[95] = -0.0026984215; 
Wave[96] = -0.012680054; 
Wave[97] = 0.03832245; 
Wave[98] = 0.09742355; 
Wave[99] = 0.120396614; 
Wave[100] = 0.06642532; 
Wave[101] = -0.038550854; 
Wave[102] = -0.085289955; 
Wave[103] = -0.088899136; 
Wave[104] = -0.07424545; 
Wave[105] = -0.030109882; 
Wave[106] = -0.011375427; 
Wave[107] = -0.070941925; 
Wave[108] = -0.109882355; 
Wave[109] = -0.12097645; 
Wave[110] = -0.111787796; 
Wave[111] = -0.10330629; 
Wave[112] = -0.10882568; 
Wave[113] = -0.11047506; 
Wave[114] = -0.0895195; 
Wave[115] = -0.047822; 
Wave[116] = -0.005636215; 
Wave[117] = 0.02905941; 
Wave[118] = 0.04356098; 
Wave[119] = 0.010458469; 
Wave[120] = -0.034122467; 
Wave[121] = -0.04221201; 
Wave[122] = -0.021095276; 
Wave[123] = 0.013940334; 
Wave[124] = 0.05445671; 
Wave[125] = 0.08841467; 
Wave[126] = 0.09922218; 
Wave[127] = 0.0840106; 
Selected.WaveTable.set( 1 , Wave ); 

?> 
