#defaults=no 
#cm=OSC 
Wave=2 
<? 

float Wave[ 128 ]; 
Wave[0] = -0.0017852783; 
Wave[1] = -0.0017137527; 
Wave[2] = 0.006489277; 
Wave[3] = 0.016002893; 
Wave[4] = 0.02905655; 
Wave[5] = 0.05388236; 
Wave[6] = 0.07447958; 
Wave[7] = 0.1007514; 
Wave[8] = 0.11784935; 
Wave[9] = 0.13802671; 
Wave[10] = 0.14737272; 
Wave[11] = 0.14694047; 
Wave[12] = 0.14922047; 
Wave[13] = 0.1474371; 
Wave[14] = 0.14294052; 
Wave[15] = 0.14238429; 
Wave[16] = 0.13772964; 
Wave[17] = 0.13964152; 
Wave[18] = 0.14761305; 
Wave[19] = 0.16015863; 
Wave[20] = 0.17066097; 
Wave[21] = 0.18033886; 
Wave[22] = 0.1862464; 
Wave[23] = 0.19039917; 
Wave[24] = 0.1874485; 
Wave[25] = 0.18203878; 
Wave[26] = 0.17402792; 
Wave[27] = 0.16444182; 
Wave[28] = 0.15150642; 
Wave[29] = 0.1391213; 
Wave[30] = 0.11916733; 
Wave[31] = 0.10832405; 
Wave[32] = 0.09376526; 
Wave[33] = 0.08416557; 
Wave[34] = 0.08181238; 
Wave[35] = 0.07503629; 
Wave[36] = 0.07474136; 
Wave[37] = 0.06665182; 
Wave[38] = 0.06234646; 
Wave[39] = 0.05417037; 
Wave[40] = 0.052892685; 
Wave[41] = 0.04630947; 
Wave[42] = 0.034772873; 
Wave[43] = 0.027688265; 
Wave[44] = 0.01745987; 
Wave[45] = 0.012973785; 
Wave[46] = 0.004050255; 
Wave[47] = -0.0011763573; 
Wave[48] = -0.008098602; 
Wave[49] = -0.01300168; 
Wave[50] = -0.018534184; 
Wave[51] = -0.034530878; 
Wave[52] = -0.04483795; 
Wave[53] = -0.059492826; 
Wave[54] = -0.071110725; 
Wave[55] = -0.07972956; 
Wave[56] = -0.092803955; 
Wave[57] = -0.096452236; 
Wave[58] = -0.09640932; 
Wave[59] = -0.09150624; 
Wave[60] = -0.08685398; 
Wave[61] = -0.06502199; 
Wave[62] = -0.03995514; 
Wave[63] = -0.008748293; 
Wave[64] = 0.025131226; 
Wave[65] = 0.055696487; 
Wave[66] = 0.07834816; 
Wave[67] = 0.1019671; 
Wave[68] = 0.113845825; 
Wave[69] = 0.11749959; 
Wave[70] = 0.12463713; 
Wave[71] = 0.1270945; 
Wave[72] = 0.12918663; 
Wave[73] = 0.12160802; 
Wave[74] = 0.11596489; 
Wave[75] = 0.109200954; 
Wave[76] = 0.09913921; 
Wave[77] = 0.08842611; 
Wave[78] = 0.082258224; 
Wave[79] = 0.071839094; 
Wave[80] = 0.066474915; 
Wave[81] = 0.06196952; 
Wave[82] = 0.05629015; 
Wave[83] = 0.04548788; 
Wave[84] = 0.033299446; 
Wave[85] = 0.019166231; 
Wave[86] = 0.006246567; 
Wave[87] = -0.0046391487; 
Wave[88] = -0.02281189; 
Wave[89] = -0.039506674; 
Wave[90] = -0.051387787; 
Wave[91] = -0.068899155; 
Wave[92] = -0.08934116; 
Wave[93] = -0.10695124; 
Wave[94] = -0.12402153; 
Wave[95] = -0.14767385; 
Wave[96] = -0.16473389; 
Wave[97] = -0.18469262; 
Wave[98] = -0.20232964; 
Wave[99] = -0.20994258; 
Wave[100] = -0.2185278; 
Wave[101] = -0.21523762; 
Wave[102] = -0.20804071; 
Wave[103] = -0.20020008; 
Wave[104] = -0.1867981; 
Wave[105] = -0.17391348; 
Wave[106] = -0.15916395; 
Wave[107] = -0.15057349; 
Wave[108] = -0.13938999; 
Wave[109] = -0.13405418; 
Wave[110] = -0.12438059; 
Wave[111] = -0.112345695; 
Wave[112] = -0.10683823; 
Wave[113] = -0.09521341; 
Wave[114] = -0.087188244; 
Wave[115] = -0.07263827; 
Wave[116] = -0.065405846; 
Wave[117] = -0.051970005; 
Wave[118] = -0.038038254; 
Wave[119] = -0.031294346; 
Wave[120] = -0.023073196; 
Wave[121] = -0.02320218; 
Wave[122] = -0.023648739; 
Wave[123] = -0.031409264; 
Wave[124] = -0.037441254; 
Wave[125] = -0.037706852; 
Wave[126] = -0.04194212; 
Wave[127] = -0.04162836; 
Selected.WaveTable.set( 1 , Wave ); 

?> 
