#defaults=no 
#cm=OSC 
Wave=2 
<? 

float Wave[ 128 ]; 
Wave[0] = 0.10157776; 
Wave[1] = 0.08068824; 
Wave[2] = 0.04458475; 
Wave[3] = 0.0; 
Wave[4] = -0.017377853; 
Wave[5] = -0.016266823; 
Wave[6] = -0.003973007; 
Wave[7] = 0.0; 
Wave[8] = 0.007795334; 
Wave[9] = 0.02845645; 
Wave[10] = 0.049179077; 
Wave[11] = 0.072167635; 
Wave[12] = 0.07489109; 
Wave[13] = 0.046704292; 
Wave[14] = 0.010874271; 
Wave[15] = -0.03327036; 
Wave[16] = -0.07511902; 
Wave[17] = -0.094227314; 
Wave[18] = -0.09692049; 
Wave[19] = -0.0879848; 
Wave[20] = -0.0815649; 
Wave[21] = -0.07281828; 
Wave[22] = -0.075544834; 
Wave[23] = -0.06827092; 
Wave[24] = -0.029472351; 
Wave[25] = 0.047930717; 
Wave[26] = 0.1074357; 
Wave[27] = 0.10471916; 
Wave[28] = 0.06627369; 
Wave[29] = -0.0040860176; 
Wave[30] = -0.0698905; 
Wave[31] = -0.09118223; 
Wave[32] = -0.08856201; 
Wave[33] = -0.06895375; 
Wave[34] = -0.048996925; 
Wave[35] = -0.05441928; 
Wave[36] = -0.09714317; 
Wave[37] = -0.11279249; 
Wave[38] = -0.09955835; 
Wave[39] = -0.09170461; 
Wave[40] = -0.09538078; 
Wave[41] = -0.09385562; 
Wave[42] = -0.07725239; 
Wave[43] = -0.031933784; 
Wave[44] = 0.02857685; 
Wave[45] = 0.07255912; 
Wave[46] = 0.10094118; 
Wave[47] = 0.13825774; 
Wave[48] = 0.19173431; 
Wave[49] = 0.2362268; 
Wave[50] = 0.25351143; 
Wave[51] = 0.24651551; 
Wave[52] = 0.23363972; 
Wave[53] = 0.22982931; 
Wave[54] = 0.21552277; 
Wave[55] = 0.1823709; 
Wave[56] = 0.12164688; 
Wave[57] = 0.046877623; 
Wave[58] = -0.034858704; 
Wave[59] = -0.081594706; 
Wave[60] = -0.110364914; 
Wave[61] = -0.13604641; 
Wave[62] = -0.15240574; 
Wave[63] = -0.15748477; 
Wave[64] = -0.1355133; 
Wave[65] = -0.1117301; 
Wave[66] = -0.107522964; 
Wave[67] = -0.11897659; 
Wave[68] = -0.11703205; 
Wave[69] = -0.067468405; 
Wave[70] = 0.046091557; 
Wave[71] = 0.1466856; 
Wave[72] = 0.21172142; 
Wave[73] = 0.2112639; 
Wave[74] = 0.17145872; 
Wave[75] = 0.12429309; 
Wave[76] = 0.09286022; 
Wave[77] = 0.06649685; 
Wave[78] = 0.040617943; 
Wave[79] = -0.01324892; 
Wave[80] = -0.07349777; 
Wave[81] = -0.12735963; 
Wave[82] = -0.17700577; 
Wave[83] = -0.22744894; 
Wave[84] = -0.25341415; 
Wave[85] = -0.23793912; 
Wave[86] = -0.19420576; 
Wave[87] = -0.1327784; 
Wave[88] = -0.081213; 
Wave[89] = -0.0423975; 
Wave[90] = -0.018969059; 
Wave[91] = 0.0070564747; 
Wave[92] = 0.023928642; 
Wave[93] = 0.023230553; 
Wave[94] = 0.024714947; 
Wave[95] = 0.032686234; 
Wave[96] = 0.054344177; 
Wave[97] = 0.06459069; 
Wave[98] = 0.085237026; 
Wave[99] = 0.10675812; 
Wave[100] = 0.11238861; 
Wave[101] = 0.09732175; 
Wave[102] = 0.06817436; 
Wave[103] = 0.04044223; 
Wave[104] = 0.0040397644; 
Wave[105] = -0.03194213; 
Wave[106] = -0.03880644; 
Wave[107] = -0.022766113; 
Wave[108] = -0.0025014877; 
Wave[109] = 0.0252707; 
Wave[110] = 0.0618515; 
Wave[111] = 0.11192465; 
Wave[112] = 0.16918945; 
Wave[113] = 0.22895956; 
Wave[114] = 0.27506733; 
Wave[115] = 0.30620742; 
Wave[116] = 0.30242443; 
Wave[117] = 0.20919585; 
Wave[118] = 0.08603287; 
Wave[119] = -0.0122487545; 
Wave[120] = -0.09050751; 
Wave[121] = -0.14076233; 
Wave[122] = -0.17319202; 
Wave[123] = -0.15490675; 
Wave[124] = -0.09451389; 
Wave[125] = -0.015290976; 
Wave[126] = 0.025331974; 
Wave[127] = 0.009374142; 
Selected.WaveTable.set( 1 , Wave ); 

?> 
