#defaults=no 
#cm=OSC 
Wave=2 
<? 

float Wave[ 128 ]; 
Wave[0] = 0.007003784; 
Wave[1] = 0.024960756; 
Wave[2] = 0.04437542; 
Wave[3] = 0.06314933; 
Wave[4] = 0.07477808; 
Wave[5] = 0.082188606; 
Wave[6] = 0.07645249; 
Wave[7] = 0.06680596; 
Wave[8] = 0.05780506; 
Wave[9] = 0.037212968; 
Wave[10] = 0.0; 
Wave[11] = -0.04902506; 
Wave[12] = -0.096028805; 
Wave[13] = -0.09332752; 
Wave[14] = -0.07015681; 
Wave[15] = -0.043544292; 
Wave[16] = -0.016187668; 
Wave[17] = -0.0016194582; 
Wave[18] = 0.0054945946; 
Wave[19] = -0.005466819; 
Wave[20] = -0.033277035; 
Wave[21] = -0.060985208; 
Wave[22] = -0.05527115; 
Wave[23] = -0.02679038; 
Wave[24] = 0.0070381165; 
Wave[25] = 0.028357506; 
Wave[26] = 0.096609354; 
Wave[27] = 0.041810274; 
Wave[28] = -0.06722164; 
Wave[29] = -0.11345625; 
Wave[30] = -0.11166024; 
Wave[31] = -0.08168042; 
Wave[32] = -0.044189453; 
Wave[33] = 0.0022392273; 
Wave[34] = 0.049221516; 
Wave[35] = 0.1085546; 
Wave[36] = 0.15322733; 
Wave[37] = 0.17673111; 
Wave[38] = 0.17510176; 
Wave[39] = 0.15831065; 
Wave[40] = 0.11347866; 
Wave[41] = 0.053255677; 
Wave[42] = -0.0074625015; 
Wave[43] = -0.0519917; 
Wave[44] = -0.061455727; 
Wave[45] = -0.049276352; 
Wave[46] = -0.03278637; 
Wave[47] = -0.021963358; 
Wave[48] = -0.007951736; 
Wave[49] = -0.0032670498; 
Wave[50] = -0.009724855; 
Wave[51] = -0.016179562; 
Wave[52] = 0.005867958; 
Wave[53] = 0.027503371; 
Wave[54] = 0.024849415; 
Wave[55] = 0.0030800104; 
Wave[56] = -0.01818943; 
Wave[57] = -0.034279943; 
Wave[58] = -0.046678066; 
Wave[59] = -0.054008007; 
Wave[60] = -0.046652794; 
Wave[61] = -0.03241551; 
Wave[62] = -0.009935141; 
Wave[63] = -0.0054728985; 
Wave[64] = -0.018066406; 
Wave[65] = -0.02850902; 
Wave[66] = -0.036524057; 
Wave[67] = -0.031897306; 
Wave[68] = -0.029512882; 
Wave[69] = -0.038010597; 
Wave[70] = -0.048039913; 
Wave[71] = -0.038502216; 
Wave[72] = -0.013846397; 
Wave[73] = 0.009208679; 
Wave[74] = -0.0017066002; 
Wave[75] = -0.02150631; 
Wave[76] = -0.020299435; 
Wave[77] = -0.008027911; 
Wave[78] = -0.0070643425; 
Wave[79] = -0.0036523342; 
Wave[80] = 0.020664215; 
Wave[81] = 0.04626882; 
Wave[82] = 0.050548077; 
Wave[83] = 0.049459577; 
Wave[84] = 0.03795719; 
Wave[85] = 0.052381396; 
Wave[86] = 0.072057486; 
Wave[87] = 0.065497756; 
Wave[88] = 0.03933525; 
Wave[89] = -0.004736662; 
Wave[90] = -0.026765585; 
Wave[91] = -0.010261059; 
Wave[92] = 0.011893749; 
Wave[93] = 0.017159581; 
Wave[94] = 0.02966547; 
Wave[95] = 0.046684146; 
Wave[96] = 0.04102707; 
Wave[97] = 0.015188098; 
Wave[98] = -0.019421816; 
Wave[99] = -0.040780902; 
Wave[100] = -0.029376507; 
Wave[101] = -0.009372234; 
Wave[102] = 0.010621071; 
Wave[103] = 0.014015079; 
Wave[104] = -0.0141067505; 
Wave[105] = -0.054448843; 
Wave[106] = -0.07476187; 
Wave[107] = -0.07239807; 
Wave[108] = -0.04605198; 
Wave[109] = -0.02194488; 
Wave[110] = -0.023939848; 
Wave[111] = -0.04425013; 
Wave[112] = -0.05535698; 
Wave[113] = -0.05080366; 
Wave[114] = -0.030169487; 
Wave[115] = 0.0; 
Wave[116] = 0.02588129; 
Wave[117] = 0.042854905; 
Wave[118] = 0.037475586; 
Wave[119] = 0.01616478; 
Wave[120] = -0.0074272156; 
Wave[121] = -0.027032971; 
Wave[122] = -0.025487661; 
Wave[123] = 0.0; 
Wave[124] = 0.025715351; 
Wave[125] = 0.027908564; 
Wave[126] = 0.01635766; 
Wave[127] = 0.007135868; 
Selected.WaveTable.set( 1 , Wave ); 

?> 
