#defaults=no 
#cm=OSC 
Wave=2 
<? 

float Wave[ 128 ]; 
Wave[0] = 0.0019836426; 
Wave[1] = 0.01718545; 
Wave[2] = 0.07265282; 
Wave[3] = 0.12741804; 
Wave[4] = 0.10159016; 
Wave[5] = -0.012072325; 
Wave[6] = -0.10751343; 
Wave[7] = -0.15776253; 
Wave[8] = -0.18326187; 
Wave[9] = -0.19932961; 
Wave[10] = -0.19044828; 
Wave[11] = -0.16825008; 
Wave[12] = -0.13877106; 
Wave[13] = -0.12986326; 
Wave[14] = -0.11588383; 
Wave[15] = -0.10723734; 
Wave[16] = -0.107940674; 
Wave[17] = -0.12692213; 
Wave[18] = -0.13530064; 
Wave[19] = -0.13512206; 
Wave[20] = -0.13026905; 
Wave[21] = -0.10479927; 
Wave[22] = -0.07370138; 
Wave[23] = -0.03228855; 
Wave[24] = 0.0035133362; 
Wave[25] = 0.043252468; 
Wave[26] = 0.086924076; 
Wave[27] = 0.12975883; 
Wave[28] = 0.14233875; 
Wave[29] = 0.111824036; 
Wave[30] = 0.08043909; 
Wave[31] = 0.050040483; 
Wave[32] = 0.024017334; 
Wave[33] = 0.013735294; 
Wave[34] = 0.024625301; 
Wave[35] = 0.04344845; 
Wave[36] = 0.06325436; 
Wave[37] = 0.08284545; 
Wave[38] = 0.088765144; 
Wave[39] = 0.084718466; 
Wave[40] = 0.08699036; 
Wave[41] = 0.08689976; 
Wave[42] = 0.08016014; 
Wave[43] = 0.07949829; 
Wave[44] = 0.07731724; 
Wave[45] = 0.08595371; 
Wave[46] = 0.0873127; 
Wave[47] = 0.07534027; 
Wave[48] = 0.047115326; 
Wave[49] = 0.026994467; 
Wave[50] = -0.002485752; 
Wave[51] = -0.024445772; 
Wave[52] = -0.031902313; 
Wave[53] = -0.028190136; 
Wave[54] = -0.035171032; 
Wave[55] = -0.053745985; 
Wave[56] = -0.06579018; 
Wave[57] = -0.05738473; 
Wave[58] = -0.03672409; 
Wave[59] = -0.011613131; 
Wave[60] = -0.0013685226; 
Wave[61] = 0.017670393; 
Wave[62] = 0.037237644; 
Wave[63] = 0.04002452; 
Wave[64] = 0.005508423; 
Wave[65] = -0.031526566; 
Wave[66] = -0.0023474693; 
Wave[67] = 0.06380415; 
Wave[68] = 0.15464306; 
Wave[69] = 0.25712132; 
Wave[70] = 0.3862071; 
Wave[71] = 0.46408272; 
Wave[72] = 0.39811707; 
Wave[73] = 0.24107242; 
Wave[74] = 0.081567764; 
Wave[75] = -0.062203884; 
Wave[76] = -0.18311405; 
Wave[77] = -0.2334919; 
Wave[78] = -0.2043376; 
Wave[79] = -0.13610983; 
Wave[80] = -0.091465; 
Wave[81] = -0.07423639; 
Wave[82] = -0.06985474; 
Wave[83] = -0.06507778; 
Wave[84] = -0.07941246; 
Wave[85] = -0.1001184; 
Wave[86] = -0.121901035; 
Wave[87] = -0.14212036; 
Wave[88] = -0.1621437; 
Wave[89] = -0.15888381; 
Wave[90] = -0.14273453; 
Wave[91] = -0.118406296; 
Wave[92] = -0.11440182; 
Wave[93] = -0.11290288; 
Wave[94] = -0.11236763; 
Wave[95] = -0.12725878; 
Wave[96] = -0.15080261; 
Wave[97] = -0.15862489; 
Wave[98] = -0.118991375; 
Wave[99] = -0.075543165; 
Wave[100] = -0.04232216; 
Wave[101] = -0.019157648; 
Wave[102] = -0.012525082; 
Wave[103] = -0.015388012; 
Wave[104] = -0.008792877; 
Wave[105] = 0.01051569; 
Wave[106] = 0.030326843; 
Wave[107] = 0.043805122; 
Wave[108] = 0.047725677; 
Wave[109] = 0.061209917; 
Wave[110] = 0.08814716; 
Wave[111] = 0.12715197; 
Wave[112] = 0.16013718; 
Wave[113] = 0.18688226; 
Wave[114] = 0.20536804; 
Wave[115] = 0.20825553; 
Wave[116] = 0.20067692; 
Wave[117] = 0.16766262; 
Wave[118] = 0.11804581; 
Wave[119] = 0.061374903; 
Wave[120] = 0.032579422; 
Wave[121] = 0.023249388; 
Wave[122] = 0.02343893; 
Wave[123] = 0.012366772; 
Wave[124] = 0.0; 
Wave[125] = 0.003252983; 
Wave[126] = -0.0013375282; 
Wave[127] = -0.02148056; 
Selected.WaveTable.set( 1 , Wave ); 

?> 
