#defaults=no 
#cm=OSC 
Wave=2 
<? 

float Wave[ 128 ]; 
Wave[0] = -0.021026611; 
Wave[1] = -0.022881508; 
Wave[2] = -0.019834518; 
Wave[3] = -0.013487816; 
Wave[4] = -0.0035572052; 
Wave[5] = -0.001988411; 
Wave[6] = -0.0032691956; 
Wave[7] = -0.0108213425; 
Wave[8] = -0.016670227; 
Wave[9] = -0.024469852; 
Wave[10] = -0.029904366; 
Wave[11] = -0.042285442; 
Wave[12] = -0.04240036; 
Wave[13] = -0.033947945; 
Wave[14] = -0.011600494; 
Wave[15] = 0.0075235367; 
Wave[16] = 0.022407532; 
Wave[17] = 0.03015709; 
Wave[18] = 0.022372246; 
Wave[19] = 0.012367249; 
Wave[20] = 0.002231598; 
Wave[21] = -0.0069761276; 
Wave[22] = -0.009937286; 
Wave[23] = -0.01086092; 
Wave[24] = -0.016174316; 
Wave[25] = -0.009091854; 
Wave[26] = -0.0022230148; 
Wave[27] = 0.007170677; 
Wave[28] = 0.014255524; 
Wave[29] = 0.021112442; 
Wave[30] = 0.017619133; 
Wave[31] = 0.011577129; 
Wave[32] = 0.006668091; 
Wave[33] = 0.008633614; 
Wave[34] = 0.008374214; 
Wave[35] = 0.009223461; 
Wave[36] = 0.007911682; 
Wave[37] = 0.004023552; 
Wave[38] = -0.0011968613; 
Wave[39] = -0.0035309792; 
Wave[40] = -0.0042495728; 
Wave[41] = 0.0022745132; 
Wave[42] = 0.012138367; 
Wave[43] = 0.015258312; 
Wave[44] = 0.015235901; 
Wave[45] = 0.016129017; 
Wave[46] = 0.007739067; 
Wave[47] = 0.0039930344; 
Wave[48] = 0.0; 
Wave[49] = 0.0; 
Wave[50] = -0.0042304993; 
Wave[51] = 0.0014386177; 
Wave[52] = 0.001253128; 
Wave[53] = 0.005411625; 
Wave[54] = 0.003312111; 
Wave[55] = 0.0042920113; 
Wave[56] = 0.0030937195; 
Wave[57] = 0.0029959679; 
Wave[58] = 0.008560181; 
Wave[59] = 0.0021944046; 
Wave[60] = -0.0038928986; 
Wave[61] = -0.0120072365; 
Wave[62] = -0.016417503; 
Wave[63] = -0.018435955; 
Wave[64] = -0.01109314; 
Wave[65] = -0.0030694008; 
Wave[66] = 0.0016736984; 
Wave[67] = 0.0048012733; 
Wave[68] = -0.0014152527; 
Wave[69] = -0.0043673515; 
Wave[70] = -0.003118515; 
Wave[71] = -0.005988121; 
Wave[72] = -0.014030457; 
Wave[73] = -0.020374298; 
Wave[74] = -0.022679329; 
Wave[75] = -0.021164894; 
Wave[76] = -0.01904869; 
Wave[77] = -0.015100479; 
Wave[78] = -0.016448021; 
Wave[79] = -0.012909412; 
Wave[80] = -0.01662445; 
Wave[81] = -0.017019749; 
Wave[82] = -0.019096375; 
Wave[83] = -0.023981571; 
Wave[84] = -0.020755768; 
Wave[85] = -0.01922226; 
Wave[86] = -0.020262718; 
Wave[87] = -0.016152382; 
Wave[88] = -0.008205414; 
Wave[89] = -0.011104584; 
Wave[90] = -0.015875816; 
Wave[91] = -0.011497974; 
Wave[92] = -0.012559891; 
Wave[93] = -0.0044794083; 
Wave[94] = -0.0017967224; 
Wave[95] = 0.0; 
Wave[96] = 0.0046844482; 
Wave[97] = 0.0029850006; 
Wave[98] = 0.011322975; 
Wave[99] = 0.01724863; 
Wave[100] = 0.020072937; 
Wave[101] = 0.024303436; 
Wave[102] = 0.021546364; 
Wave[103] = 0.0078549385; 
Wave[104] = -0.0045928955; 
Wave[105] = -0.0012149811; 
Wave[106] = 0.019185066; 
Wave[107] = 0.031031609; 
Wave[108] = 0.035434723; 
Wave[109] = 0.03517151; 
Wave[110] = 0.03979206; 
Wave[111] = 0.038311005; 
Wave[112] = 0.038749695; 
Wave[113] = 0.03722191; 
Wave[114] = 0.01812458; 
Wave[115] = 0.0; 
Wave[116] = -0.010932922; 
Wave[117] = -0.026055336; 
Wave[118] = -0.028015137; 
Wave[119] = -0.018843174; 
Wave[120] = -0.012138367; 
Wave[121] = -0.01373291; 
Wave[122] = -0.016066551; 
Wave[123] = -0.014490128; 
Wave[124] = -0.011978149; 
Wave[125] = -0.0066566467; 
Wave[126] = -0.013222694; 
Wave[127] = -0.021612167; 
Selected.WaveTable.set( 1 , Wave ); 

?> 
