#defaults=no 
#cm=OSC 
Wave=2 
<? 

float Wave[ 128 ]; 
Wave[0] = 0.12225342; 
Wave[1] = 0.15057707; 
Wave[2] = 0.15887165; 
Wave[3] = 0.15397453; 
Wave[4] = 0.12542868; 
Wave[5] = 0.091095805; 
Wave[6] = 0.056762934; 
Wave[7] = 0.012454033; 
Wave[8] = -0.024363518; 
Wave[9] = -0.06617868; 
Wave[10] = -0.09525585; 
Wave[11] = -0.12491083; 
Wave[12] = -0.14193916; 
Wave[13] = -0.15405011; 
Wave[14] = -0.16086149; 
Wave[15] = -0.16417456; 
Wave[16] = -0.1646843; 
Wave[17] = -0.15201056; 
Wave[18] = -0.12840939; 
Wave[19] = -0.1008296; 
Wave[20] = -0.07993889; 
Wave[21] = -0.06694329; 
Wave[22] = -0.05355978; 
Wave[23] = -0.043875337; 
Wave[24] = -0.039812088; 
Wave[25] = -0.046895146; 
Wave[26] = -0.053851128; 
Wave[27] = -0.054468513; 
Wave[28] = -0.05262804; 
Wave[29] = -0.038795948; 
Wave[30] = -0.025945902; 
Wave[31] = -0.020149589; 
Wave[32] = -0.020484924; 
Wave[33] = -0.02204907; 
Wave[34] = -0.028833628; 
Wave[35] = -0.030753255; 
Wave[36] = -0.029757023; 
Wave[37] = -0.019682407; 
Wave[38] = 0.0; 
Wave[39] = 0.030768275; 
Wave[40] = 0.06335735; 
Wave[41] = 0.09385896; 
Wave[42] = 0.11466956; 
Wave[43] = 0.12839317; 
Wave[44] = 0.13166857; 
Wave[45] = 0.1197325; 
Wave[46] = 0.09191036; 
Wave[47] = 0.05773151; 
Wave[48] = 0.03090477; 
Wave[49] = 0.01686263; 
Wave[50] = 0.008929729; 
Wave[51] = 0.00830102; 
Wave[52] = 0.007353306; 
Wave[53] = 0.01853478; 
Wave[54] = 0.03300023; 
Wave[55] = 0.053071737; 
Wave[56] = 0.074599266; 
Wave[57] = 0.10047281; 
Wave[58] = 0.12733817; 
Wave[59] = 0.13783371; 
Wave[60] = 0.12513971; 
Wave[61] = 0.09450412; 
Wave[62] = 0.05024767; 
Wave[63] = 0.013223052; 
Wave[64] = -0.011787415; 
Wave[65] = -0.015641093; 
Wave[66] = -0.002105713; 
Wave[67] = 0.016913533; 
Wave[68] = 0.03216839; 
Wave[69] = 0.030944586; 
Wave[70] = 0.021676064; 
Wave[71] = 0.0021184683; 
Wave[72] = -0.025686264; 
Wave[73] = -0.0482502; 
Wave[74] = -0.058372498; 
Wave[75] = -0.06731093; 
Wave[76] = -0.079110146; 
Wave[77] = -0.0814966; 
Wave[78] = -0.080979824; 
Wave[79] = -0.0726943; 
Wave[80] = -0.067331314; 
Wave[81] = -0.0568794; 
Wave[82] = -0.03177619; 
Wave[83] = -0.0039619207; 
Wave[84] = 0.020158768; 
Wave[85] = 0.049035072; 
Wave[86] = 0.06307244; 
Wave[87] = 0.06507647; 
Wave[88] = 0.062553406; 
Wave[89] = 0.054270625; 
Wave[90] = 0.034931898; 
Wave[91] = 0.014309049; 
Wave[92] = -0.0063152313; 
Wave[93] = -0.034398913; 
Wave[94] = -0.06203866; 
Wave[95] = -0.086776376; 
Wave[96] = -0.1167984; 
Wave[97] = -0.13798296; 
Wave[98] = -0.14805269; 
Wave[99] = -0.1427778; 
Wave[100] = -0.121922016; 
Wave[101] = -0.093972206; 
Wave[102] = -0.07455611; 
Wave[103] = -0.059470654; 
Wave[104] = -0.047595978; 
Wave[105] = -0.045814395; 
Wave[106] = -0.046313524; 
Wave[107] = -0.04508722; 
Wave[108] = -0.03236723; 
Wave[109] = -0.017587304; 
Wave[110] = 0.0034747124; 
Wave[111] = 0.017115593; 
Wave[112] = 0.030637741; 
Wave[113] = 0.03766477; 
Wave[114] = 0.040178537; 
Wave[115] = 0.035795927; 
Wave[116] = 0.03787899; 
Wave[117] = 0.04161668; 
Wave[118] = 0.053114414; 
Wave[119] = 0.06844199; 
Wave[120] = 0.081427574; 
Wave[121] = 0.093162656; 
Wave[122] = 0.09825444; 
Wave[123] = 0.10349965; 
Wave[124] = 0.1316247; 
Wave[125] = 0.16615283; 
Wave[126] = 0.19931412; 
Wave[127] = 0.22465754; 
Selected.WaveTable.set( 1 , Wave ); 

?> 
