#defaults=no 
#cm=OSC 
Wave=2 
<? 

float Wave[ 128 ]; 
Wave[0] = -0.0024719238; 
Wave[1] = -0.0018550158; 
Wave[2] = -0.0059406757; 
Wave[3] = -0.011350155; 
Wave[4] = -0.021029472; 
Wave[5] = -0.024867177; 
Wave[6] = -0.019577742; 
Wave[7] = -0.011192799; 
Wave[8] = -0.00825882; 
Wave[9] = -0.0042198896; 
Wave[10] = 0.0011234283; 
Wave[11] = 0.004399538; 
Wave[12] = 0.0021977425; 
Wave[13] = 0.00281775; 
Wave[14] = 0.0; 
Wave[15] = -0.012441754; 
Wave[16] = -0.027927399; 
Wave[17] = -0.049453378; 
Wave[18] = -0.056632042; 
Wave[19] = -0.059239984; 
Wave[20] = -0.052089214; 
Wave[21] = -0.049309254; 
Wave[22] = -0.04713273; 
Wave[23] = -0.03509724; 
Wave[24] = -0.004696846; 
Wave[25] = 0.044100523; 
Wave[26] = 0.08531523; 
Wave[27] = 0.11419988; 
Wave[28] = 0.1347127; 
Wave[29] = 0.14183426; 
Wave[30] = 0.13598394; 
Wave[31] = 0.110544324; 
Wave[32] = 0.06429291; 
Wave[33] = 0.011433959; 
Wave[34] = -0.029250145; 
Wave[35] = -0.05187452; 
Wave[36] = -0.058023453; 
Wave[37] = -0.060970306; 
Wave[38] = -0.052678347; 
Wave[39] = -0.03420639; 
Wave[40] = -0.0061826706; 
Wave[41] = 0.020827532; 
Wave[42] = 0.03322625; 
Wave[43] = 0.02958095; 
Wave[44] = 0.015653133; 
Wave[45] = 0.0; 
Wave[46] = -0.024160624; 
Wave[47] = -0.05244279; 
Wave[48] = -0.07624054; 
Wave[49] = -0.08912897; 
Wave[50] = -0.07605839; 
Wave[51] = -0.04748547; 
Wave[52] = -0.018141747; 
Wave[53] = 0.005397916; 
Wave[54] = 0.011372089; 
Wave[55] = 0.010201454; 
Wave[56] = -0.0034389496; 
Wave[57] = -0.013176084; 
Wave[58] = -0.0058016777; 
Wave[59] = 0.014469981; 
Wave[60] = 0.031885624; 
Wave[61] = 0.037647247; 
Wave[62] = 0.034923553; 
Wave[63] = 0.025949478; 
Wave[64] = 0.02709198; 
Wave[65] = 0.030811906; 
Wave[66] = 0.043469906; 
Wave[67] = 0.04782629; 
Wave[68] = 0.050439358; 
Wave[69] = 0.04730034; 
Wave[70] = 0.03234124; 
Wave[71] = 0.008466601; 
Wave[72] = -0.020233154; 
Wave[73] = -0.04073584; 
Wave[74] = -0.046694994; 
Wave[75] = -0.045922518; 
Wave[76] = -0.041118145; 
Wave[77] = -0.036604404; 
Wave[78] = -0.0341568; 
Wave[79] = -0.03215885; 
Wave[80] = -0.026435852; 
Wave[81] = -0.028137445; 
Wave[82] = -0.032207727; 
Wave[83] = -0.027569532; 
Wave[84] = -0.022834778; 
Wave[85] = -0.021253109; 
Wave[86] = -0.023826838; 
Wave[87] = -0.030562162; 
Wave[88] = -0.042812347; 
Wave[89] = -0.047698736; 
Wave[90] = -0.056957245; 
Wave[91] = -0.067888975; 
Wave[92] = -0.083153725; 
Wave[93] = -0.08986032; 
Wave[94] = -0.08422351; 
Wave[95] = -0.059227705; 
Wave[96] = -0.015922546; 
Wave[97] = 0.034009337; 
Wave[98] = 0.07807636; 
Wave[99] = 0.110273; 
Wave[100] = 0.13847351; 
Wave[101] = 0.16110432; 
Wave[102] = 0.16055417; 
Wave[103] = 0.13337243; 
Wave[104] = 0.086060524; 
Wave[105] = 0.031137109; 
Wave[106] = -0.005946636; 
Wave[107] = -0.030113578; 
Wave[108] = -0.03402424; 
Wave[109] = -0.028960466; 
Wave[110] = 0.0; 
Wave[111] = 0.030883431; 
Wave[112] = 0.05620575; 
Wave[113] = 0.07681298; 
Wave[114] = 0.07701826; 
Wave[115] = 0.06798518; 
Wave[116] = 0.041084766; 
Wave[117] = 0.009433389; 
Wave[118] = -0.022198439; 
Wave[119] = -0.050624847; 
Wave[120] = -0.06516743; 
Wave[121] = -0.074248075; 
Wave[122] = -0.074305534; 
Wave[123] = -0.0636822; 
Wave[124] = -0.052776337; 
Wave[125] = -0.037709832; 
Wave[126] = -0.023523808; 
Wave[127] = -0.014715672; 
Selected.WaveTable.set( 1 , Wave ); 

?> 
