#defaults=no 
#cm=OSC 
Wave=2 
<? 

float Wave[ 128 ]; 
Wave[0] = 0.16184998; 
Wave[1] = 0.1834544; 
Wave[2] = 0.19321823; 
Wave[3] = 0.18422842; 
Wave[4] = 0.17310333; 
Wave[5] = 0.15713418; 
Wave[6] = 0.1419599; 
Wave[7] = 0.12484825; 
Wave[8] = 0.10185909; 
Wave[9] = 0.071688294; 
Wave[10] = 0.04616785; 
Wave[11] = 0.029472351; 
Wave[12] = 0.024823189; 
Wave[13] = 0.022737026; 
Wave[14] = 0.02148509; 
Wave[15] = 0.017010808; 
Wave[16] = 0.005754471; 
Wave[17] = -0.007457018; 
Wave[18] = -0.016800165; 
Wave[19] = -0.015164018; 
Wave[20] = -0.0038485527; 
Wave[21] = 0.012507677; 
Wave[22] = 0.03085041; 
Wave[23] = 0.06101322; 
Wave[24] = 0.088214874; 
Wave[25] = 0.07792556; 
Wave[26] = 0.05702424; 
Wave[27] = 0.041256666; 
Wave[28] = 0.034392357; 
Wave[29] = 0.0123432875; 
Wave[30] = -0.016561508; 
Wave[31] = -0.044357657; 
Wave[32] = -0.059921265; 
Wave[33] = -0.06311941; 
Wave[34] = -0.058754683; 
Wave[35] = -0.055369735; 
Wave[36] = -0.048260212; 
Wave[37] = -0.03172362; 
Wave[38] = -0.026273966; 
Wave[39] = -0.044590116; 
Wave[40] = -0.05825615; 
Wave[41] = -0.036448836; 
Wave[42] = -0.0046520233; 
Wave[43] = 0.018504262; 
Wave[44] = 0.009306431; 
Wave[45] = -0.0064834356; 
Wave[46] = -0.036723852; 
Wave[47] = -0.061947346; 
Wave[48] = -0.08097458; 
Wave[49] = -0.09749544; 
Wave[50] = -0.10730958; 
Wave[51] = -0.12700272; 
Wave[52] = -0.14562082; 
Wave[53] = -0.16706097; 
Wave[54] = -0.17423487; 
Wave[55] = -0.16781557; 
Wave[56] = -0.14988995; 
Wave[57] = -0.12406552; 
Wave[58] = -0.106570005; 
Wave[59] = -0.081647515; 
Wave[60] = -0.062295914; 
Wave[61] = -0.04356122; 
Wave[62] = -0.017634869; 
Wave[63] = 0.0052341223; 
Wave[64] = 0.019004822; 
Wave[65] = 0.033931375; 
Wave[66] = 0.04990077; 
Wave[67] = 0.054459214; 
Wave[68] = 0.05699444; 
Wave[69] = 0.039339423; 
Wave[70] = 0.0; 
Wave[71] = -0.04485309; 
Wave[72] = -0.07542896; 
Wave[73] = -0.10278118; 
Wave[74] = -0.11116862; 
Wave[75] = -0.11328173; 
Wave[76] = -0.085278034; 
Wave[77] = -0.036338568; 
Wave[78] = 0.014351368; 
Wave[79] = 0.06203592; 
Wave[80] = 0.09196854; 
Wave[81] = 0.11403155; 
Wave[82] = 0.13066459; 
Wave[83] = 0.1464088; 
Wave[84] = 0.1544385; 
Wave[85] = 0.16882932; 
Wave[86] = 0.18006563; 
Wave[87] = 0.18796897; 
Wave[88] = 0.19244576; 
Wave[89] = 0.19546056; 
Wave[90] = 0.19898796; 
Wave[91] = 0.19698954; 
Wave[92] = 0.17648602; 
Wave[93] = 0.13250983; 
Wave[94] = 0.07771063; 
Wave[95] = 0.02258861; 
Wave[96] = -0.012832642; 
Wave[97] = -0.027426124; 
Wave[98] = -0.03644538; 
Wave[99] = -0.0347265; 
Wave[100] = -0.033560276; 
Wave[101] = -0.03139484; 
Wave[102] = -0.0228827; 
Wave[103] = -0.013976097; 
Wave[104] = 0.0067310333; 
Wave[105] = 0.016691923; 
Wave[106] = 0.020561934; 
Wave[107] = 0.025843382; 
Wave[108] = 0.045064926; 
Wave[109] = 0.031625032; 
Wave[110] = 0.0046002865; 
Wave[111] = -0.020061731; 
Wave[112] = -0.010873795; 
Wave[113] = -0.0012718439; 
Wave[114] = 0.012855053; 
Wave[115] = 0.011319518; 
Wave[116] = 0.015372276; 
Wave[117] = 0.007658243; 
Wave[118] = -0.0032668114; 
Wave[119] = -0.015642047; 
Wave[120] = -0.02706623; 
Wave[121] = -0.028620005; 
Wave[122] = -0.032353163; 
Wave[123] = -0.045482397; 
Wave[124] = -0.065497875; 
Wave[125] = -0.0479784; 
Wave[126] = -0.0112502575; 
Wave[127] = 0.02108717; 
Selected.WaveTable.set( 1 , Wave ); 

?> 
