#defaults=no 
#cm=OSC 
Wave=2 
<? 

float Wave[ 128 ]; 
Wave[0] = -0.47607422; 
Wave[1] = -0.4773624; 
Wave[2] = -0.46415854; 
Wave[3] = -0.45496333; 
Wave[4] = -0.44668388; 
Wave[5] = -0.43754685; 
Wave[6] = -0.4253428; 
Wave[7] = -0.41759503; 
Wave[8] = -0.40746498; 
Wave[9] = -0.39935863; 
Wave[10] = -0.390795; 
Wave[11] = -0.37874973; 
Wave[12] = -0.37045527; 
Wave[13] = -0.36179197; 
Wave[14] = -0.35212135; 
Wave[15] = -0.34197485; 
Wave[16] = -0.33684158; 
Wave[17] = -0.3270973; 
Wave[18] = -0.31537795; 
Wave[19] = -0.3096336; 
Wave[20] = -0.30183744; 
Wave[21] = -0.29297256; 
Wave[22] = -0.28380346; 
Wave[23] = -0.27263272; 
Wave[24] = -0.2667265; 
Wave[25] = -0.25932062; 
Wave[26] = -0.2514782; 
Wave[27] = -0.24196982; 
Wave[28] = -0.23302412; 
Wave[29] = -0.22401738; 
Wave[30] = -0.21473789; 
Wave[31] = -0.2062484; 
Wave[32] = -0.20028687; 
Wave[33] = -0.1914289; 
Wave[34] = -0.18404031; 
Wave[35] = -0.17644763; 
Wave[36] = -0.16919756; 
Wave[37] = -0.16034114; 
Wave[38] = -0.15143895; 
Wave[39] = -0.14477158; 
Wave[40] = -0.13763809; 
Wave[41] = -0.1303165; 
Wave[42] = -0.120066166; 
Wave[43] = -0.11321902; 
Wave[44] = -0.104370594; 
Wave[45] = -0.097803; 
Wave[46] = -0.089577675; 
Wave[47] = -0.08564222; 
Wave[48] = -0.07730675; 
Wave[49] = -0.069906354; 
Wave[50] = -0.060876846; 
Wave[51] = -0.05406046; 
Wave[52] = -0.046675205; 
Wave[53] = -0.04408455; 
Wave[54] = -0.035452604; 
Wave[55] = -0.028169394; 
Wave[56] = -0.024458885; 
Wave[57] = -0.01463902; 
Wave[58] = -0.007350445; 
Wave[59] = -0.0048794746; 
Wave[60] = 0.0030493736; 
Wave[61] = 0.012882948; 
Wave[62] = 0.01599884; 
Wave[63] = 0.022095203; 
Wave[64] = 0.030632019; 
Wave[65] = 0.037814856; 
Wave[66] = 0.041946888; 
Wave[67] = 0.051710486; 
Wave[68] = 0.055395603; 
Wave[69] = 0.062876105; 
Wave[70] = 0.07107592; 
Wave[71] = 0.07329774; 
Wave[72] = 0.08352089; 
Wave[73] = 0.087112665; 
Wave[74] = 0.09425998; 
Wave[75] = 0.1008451; 
Wave[76] = 0.104962826; 
Wave[77] = 0.11430645; 
Wave[78] = 0.11632228; 
Wave[79] = 0.12618077; 
Wave[80] = 0.12845802; 
Wave[81] = 0.1380316; 
Wave[82] = 0.14016771; 
Wave[83] = 0.14895034; 
Wave[84] = 0.15361118; 
Wave[85] = 0.16137302; 
Wave[86] = 0.16314387; 
Wave[87] = 0.17308486; 
Wave[88] = 0.17439842; 
Wave[89] = 0.1812414; 
Wave[90] = 0.18734574; 
Wave[91] = 0.19421661; 
Wave[92] = 0.20048237; 
Wave[93] = 0.20228457; 
Wave[94] = 0.2081933; 
Wave[95] = 0.21605861; 
Wave[96] = 0.21777344; 
Wave[97] = 0.22663724; 
Wave[98] = 0.23151469; 
Wave[99] = 0.23517668; 
Wave[100] = 0.24073887; 
Wave[101] = 0.24512184; 
Wave[102] = 0.24879837; 
Wave[103] = 0.25825644; 
Wave[104] = 0.26197243; 
Wave[105] = 0.26448846; 
Wave[106] = 0.27210617; 
Wave[107] = 0.27784562; 
Wave[108] = 0.2793808; 
Wave[109] = 0.28421748; 
Wave[110] = 0.29061294; 
Wave[111] = 0.2976035; 
Wave[112] = 0.30240822; 
Wave[113] = 0.30326986; 
Wave[114] = 0.30915213; 
Wave[115] = 0.31730008; 
Wave[116] = 0.31946945; 
Wave[117] = 0.32383716; 
Wave[118] = 0.327708; 
Wave[119] = 0.33616114; 
Wave[120] = 0.34074783; 
Wave[121] = 0.34304547; 
Wave[122] = 0.3468554; 
Wave[123] = 0.35121942; 
Wave[124] = 0.35582972; 
Wave[125] = 0.36202073; 
Wave[126] = 0.36890745; 
Wave[127] = 0.17174172; 
Selected.WaveTable.set( 1 , Wave ); 

?> 
